2.82124489512322 2.50427992243975
3.18633517684002 2.47759216546659
3.16635777963705 2.53200828792665
2.24967954666254 0.908517319880889
2.69633727473825 2.52484704434373
2.88946752503495 2.49892779010835
2.861554349052 2.20174724074653
3.41508153048357 2.60633962898358
3.0325020469278 2.43614965683759
2.05797143181385 0.937604308037569
2.62640985413876 2.33198281770209
3.20654305049776 2.52789047400279
2.95183665097568 2.37795031102997
1.73135982603772 2.00480350714161
2.91360012371505 2.31570308500936
2.59155231938996 2.50861916104826
1.90134432641378 2.56273351878267
2.13017365219637 2.54816908605087
2.15482593134992 2.39356785139635
1.56158733921374 2.57476497581698
1.40392391512829 2.61040708779001
2.34261915211994 2.54270766913405
1.49290395789403 2.76276232282875
3.35893198013855 2.57358019359954
2.22641821503055 2.11195797553191
2.70585067168111 2.436886145397
1.70949273682697 2.58148765499329
3.1780762420784 2.51237690499814
2.99346684857385 2.49554650317002
3.19607941522565 2.54078512853754
3.3491751602958 2.59950457885129
2.96476172413775 2.51627565239425
3.18968006625091 2.40389289331617
2.63177977638025 2.1427168710849
1.91163850299687 2.55093173033192
2.95546553617952 0.742966982524602
2.68013524591269 2.50820090886116
3.24214785257192 2.53276299412217
3.23323708960696 2.53169089509341
1.86966219204567 1.73192486594466
1.99335261870244 2.45351487062255
2.42127667834631 2.51417112732245
1.69362675717747 2.57330143167361
2.65514205638166 2.52038742630543
2.4037466355642 2.36255518428651
2.57088887210291 2.50661427313284
1.68820801770242 2.72287260746684
1.22567000793274 2.68022082508437
3.09850713256534 2.3708736430662
1.40255369884169 2.69134306650607
2.59622617822829 2.53483958469248
1.69287145634737 2.57238221966007
2.0415934713332 1.72188979488021
2.25163810781011 2.52812775338596
2.18027243184002 2.50342228286147
1.99737707886934 2.62305832567693
3.06391267940096 2.50160153343385
1.94704430870708 2.51121242316691
2.27784727024728 2.53544113141764
2.54139640118653 2.53368228820682
3.16514307354726 2.54610313206319
2.46450496771176 2.5021702323229
2.34844026592535 2.53482044775612
3.13194988624792 2.51016134437644
1.15835748029599 2.72068297762042
2.93494265510011 2.44249966865581
2.41471421643761 2.4996397155835
2.95482006568548 2.51173468092537
1.81321394648782 1.93238352491384
2.62569053654223 2.49229275576678
2.04966742721354 0.846936097561613
3.00966675062675 2.5206808831551
3.26721464974989 2.55038911236255
1.64978793041561 2.78269221180026
1.47455896502015 2.60158480746596
3.15532953077855 2.53214355213623
1.4390463629362 2.64931340203138
2.52302195826497 2.4397755006491
2.16698381823713 2.54509366898171
2.04587820849542 2.59408258993299
1.81912669599897 2.66203055142676
1.33583675039205 1.39498939593512
1.48270503855822 2.81116255541751
2.18443984845447 2.5955181566689
2.06539308812459 2.52870431758088
2.22026683213851 2.65809812540009
1.65532494604818 2.5815149599113
2.43648448267085 2.49905750410841
2.40976470489212 2.44961116347915
1.80184139561191 2.11141913463552
1.20346252796852 2.7119022142493
2.67917071232609 2.38830104545072
3.19326917999612 0.880225539469413
2.12926264794767 2.27956609259512
1.6884680618649 2.68329905262949
1.451788808514 2.59685721206184
2.8955207676236 2.49526485372502
1.63293041764942 2.84183104968714
1.56815465953146 2.58304335365762
3.09036840521009 2.51014936080069
