2.78517879996099 3.48455342021538
3.24801662792801 0.957593210602645
2.55264267182327 3.51192270638538
1.9805914142495 0.243277425301494
2.47132893560105 3.3814246940997
3.16500538148219 2.99221774747595
2.88591254784726 0.412322771557374
3.10975155380438 3.53828860866372
2.41372063630028 0.841947436601622
1.8092126776115 0.249360223144759
2.09614306339179 0.590042742947116
2.87737517821486 2.05326236850233
2.78657002937631 0.618811850950588
1.29661382400547 0.631452306238934
2.53876028076047 0.5160098777432
2.04047622867278 1.58077243922045
0.906210695086047 1.88927518182783
2.18806383835734 2.8625963095855
1.48891019416857 0.680104505701456
1.07003577894531 3.53485999488272
0.793423839337617 1.83689975415476
2.11351516454481 2.49741936309612
1.11487380338484 1.7584276119736
2.96929652501247 1.67125510528916
1.71846018443466 0.465360410305439
2.78366148127709 1.03176532169338
0.941924445972967 1.93097177469552
2.96602555594523 1.85644782591378
2.73893963989918 2.38200903420569
2.77835301500163 3.43171896720887
2.65571400699206 3.15209834295209
2.68896248919773 3.29364062991575
3.19948441751185 0.539752307289746
2.55297162581235 0.427542254159925
1.84361659923918 2.34766614641063
2.83568002050859 0.172055019754916
2.67689284994151 2.59548913254635
3.15575965657597 2.4024272274971
2.57151094857603 3.43459535927745
1.17678912654985 0.367591331304284
1.61501441461383 0.97893377760658
2.303413679027 3.02919446718763
1.17995464424952 3.4370325551834
2.23208784349379 2.57287832018337
1.98462233875412 0.764356360174716
2.26208926969906 1.86197094918462
1.29071634871885 1.70651652981993
0.391621801473684 0.691414213211726
2.87252633912605 0.519930203307886
1.24828777091578 3.39319348092773
2.05345213183435 2.01873608627706
1.10284737604554 3.47736732375575
1.46885450966773 0.350127734573325
2.32175941842375 3.09248532125028
2.03648507202044 2.01837040167069
1.82449051314848 3.33447607265436
2.88352977332077 2.89701460101991
1.54807367053931 1.17254564224044
2.59062807318755 3.21230451611686
2.663777048185 3.11639681894099
2.73349937745952 3.39763029423542
2.02086659549852 1.68557404906605
2.18715495074051 3.06304764316068
2.7027960545267 1.74031616508262
0.566242145093973 1.05882420882955
2.91396415630705 1.06309429573826
2.16154344560113 1.63687850427232
2.60597299300134 3.48317545530852
1.23384772394551 0.506719720393885
2.67203720555757 2.06027171060327
1.68969656400848 0.219591863186797
2.48261355309864 3.63205038948217
2.69294348987634 3.43065689985524
1.4137746292213 3.45686666454305
1.05502178019378 3.5777926073235
2.87707512902562 3.37762490040273
1.25289040460018 3.4437071562442
2.06944379273802 0.830828912360594
2.29112837719149 3.25085243087728
1.83745686942828 3.37517903697444
1.63259891217924 3.35402637742576
0.747631791695021 0.413779548266903
1.26975867924746 3.20188562072231
1.88632453705883 3.19657251145924
2.02257506488473 2.66471580062294
1.82689668023027 3.61248169912375
1.61405114810565 3.03818269144744
2.34088653763873 2.20213841672637
2.16539924393175 1.09150423202314
1.14752770384657 0.559545338895405
1.05727626466891 3.41264970673714
2.39593565200688 0.728168007051572
3.58412482466432 0.221061716920231
1.7441516799992 0.663189288927242
1.30405443823314 1.63060347684892
1.31765019997838 2.60435687833
2.50109242282691 1.98332998110913
1.29118622627808 2.25743205269566
0.924944798116575 2.91833027997863
2.4976433457993 1.85819354637293
