2.74923051869031 2.69715259864926
2.87079939963878 0.88571129028569
2.22640240692301 2.14105904845404
NA NA
2.43540261670947 2.71173914064188
3.10300703947083 2.18809251145925
2.83114882324612 0.459181040454818
2.88247613906045 2.52609388153069
2.29395655424683 0.895718920085346
NA NA
2.22560680245631 0.484562409040518
2.98656858904287 1.81400777108385
2.73381244083401 0.679034783071838
1.26445856360835 0.113951318092877
2.44759495347156 0.542368284318363
2.2673306927504 1.55174779146328
0.745292356245918 1.21342465474037
2.05186470039189 2.36342300294666
1.58500724444748 0.380887643378228
1.0507266345852 2.77300123664296
0.492470113342325 0.617639877309866
1.83856177494745 1.74591794107924
2.07073402245762 1.18737909741816
2.75901719836285 1.56072452917346
1.81517654578551 0.464041543906787
2.31139809714514 0.955749942950206
1.026703441547 1.76478999543819
2.90365584219457 1.43922080115648
2.60698202871252 1.86259829146904
3.00327609625645 2.7468396223709
2.1331915051525 2.42622862761957
2.68896349761519 3.15211764832959
3.08733204193879 0.522604261620436
2.45337497278932 0.38837862812099
1.52811094818404 1.33679438634077
NA NA
2.45388597617042 1.6934701262007
3.23446357751731 2.04114754923736
2.50617604188505 2.2658038029552
1.05130318606156 0.388146100065205
1.54805011481396 0.736740699101938
2.30434908412979 2.3819343704253
1.02737488112999 3.59467608012465
2.14840173824108 1.9789889354608
2.01090263617109 0.880665424267063
2.36673172787996 1.61435839126236
1.40913413509144 1.48834498275886
0.352224726394052 0.495103916953085
3.17960556167411 0.627677114317194
1.1779381228378 2.83902410592651
2.10822636022349 1.79016326437821
1.14538598806947 2.48832769556786
1.80872025623685 0.743937956751324
2.26512503626524 2.42824174873531
1.8320534152817 1.42125425708364
1.83719306612737 3.27422517165425
2.96901754232124 2.10540492813103
1.54764549596002 0.998223265591078
2.72762752522598 3.70131325490307
2.36409062019549 2.07517099278746
2.90623154825182 2.59841305717244
1.7841569943435 1.37075868768152
2.122046780854 2.14781957802596
2.84027905478841 1.74987523860182
2.94755626667524 0.855301403665217
2.86431696903193 0.878901219961699
2.15097208752879 1.25718858239707
2.61171765036881 2.75812467368087
1.19832103378372 0.645737513921922
2.46015812153462 1.645880726818
2.10639442315907 0.623886280845618
2.56202042936697 2.63128612253466
2.57471925794496 2.87305975336931
1.38212108731852 2.46961945070303
1.17482210119488 3.91875572466175
2.825290704543 2.23830978447921
1.21604486253811 1.85556766491733
2.07269445223385 0.811481792029226
1.91608092661947 2.64627346555237
2.00279919838067 2.58761098257964
1.73827386369929 2.96238136524684
NA NA
1.00286293085432 2.79393811508431
1.90334818462376 2.70057132239686
1.84804436315084 2.04161422112724
1.76652093755896 2.85125940788304
1.6524734764162 2.61410319379997
2.16382980757975 1.5214637917839
2.03870763703249 1.0019198455289
NA NA
0.981530349487439 2.90214358836994
2.53460234357859 0.855412957598455
3.58053590224823 0.87469563170569
1.95200622616452 0.722510937959887
1.19536947122542 1.22018005259917
0.961994684337405 1.50340330965118
2.37446233642637 1.64193685817067
1.10344669345301 1.68200806457549
0.824907881178076 2.15844186894122
2.44257376818452 1.58927729406743
