2.689896 2.17116241288629
9.263967 10.3031036380721
33.88724 44.2839871088175
104.882197 138.141186597049
187.508552 212.476557293154
180.385548 198.869993749721
135.750296 179.390908534994
100.544053 163.322794623618
76.767512 149.512758804709
60.586137 137.896202412466
49.217861 128.1748587219
40.972456 120.018446322869
34.829726 113.121041504819
30.134075 107.215514064248
0.80197 0.398515091200168
2.894815 2.03528652974618
9.968194 10.2301545948449
35.349898 44.4763346234145
112.556003 147.768573564257
247.842351 291.48159604564
370.255486 376.875737245349
453.320307 412.552075832423
508.017915 426.869416179645
545.029801 432.446260021599
570.903255 434.300945258833
589.524896 434.560074411637
603.267025 434.144226613529
613.637323 433.475325419165
