2.82925625680946 4.89506427547894
2.65130078536458 2.08036765106954
2.51240511075594 2.61398702510633
2.67320583807305 2.69783138879575
2.46987366001122 3.25153565616347
2.75413028197363 2.31632952927612
2.39616114879027 1.99631163384765
2.74764454225078 4.4819800532423
2.74083493510261 3.3764762384817
3.03184246411547 3.84681689902209
2.78067251900211 2.37804899341427
2.64453204814345 2.20412784838118
3.0147023499012 2.99579257029109
2.879049932817 4.34350280673243
2.7009930764325 3.00086754956283
3.03213422186673 4.76278007845394
2.83647118485533 3.28092376352288
2.79322759481147 4.94974849745631
3.07699519093148 4.36907402006909
2.94686585781164 4.89119751262479
2.57701298920438 3.19561693584546
2.88032642914914 4.27448699134402
2.53430420299992 1.80877122213133
2.55015475093387 3.82304069236852
2.58408414316364 3.9159457013011
2.75985492859036 3.09141229256056
2.76628023944795 3.30899821710773
2.47669055825099 1.97962430305779
3.03740138886496 4.92316324962303
2.59767914423719 2.1864609583281
2.7748994063586 4.64176152832806
2.75230288272724 2.64683181536384
2.62868092162535 2.53250220208429
2.74456395301968 3.31996111781336
2.6210747694131 4.5101508393418
2.50688096741214 3.01376299583353
3.05084962048568 4.21213919296861
2.53510221256875 4.12521296646446
2.8469234216027 2.66928617027588
2.79567833640613 3.94031399511732
2.9931927495636 4.85060929786414
2.81408683513291 3.87334018480033
2.78542402316816 3.98293083184399
2.72001083474606 4.07610643072985
2.81536913709715 2.65869383933023
2.80764703522436 3.50996154011227
2.78093541972339 4.44036203087308
2.8094347147271 4.23129690461792
2.74994102772325 1.88415368902497
2.83276050584391 3.90974187990651
3.08662511524744 4.42698275670409
2.96834716689773 2.77446075808257
2.83570437924936 3.7326765130274
2.59762442437932 2.63908273191191
2.98675589379855 4.72381886909716
2.69347619032487 2.55223408224992
2.72689825040288 2.42491406388581
2.99975450383499 3.84353009751067
2.59298729593866 3.71560457861051
2.57653199485503 2.41504140896723
2.72031790926121 2.78521155938506
2.80519720399752 2.25649712258019
2.7051263244357 4.10064130439423
2.68300658208318 3.76692898687907
2.72099187015556 4.11745908902958
2.85064476542175 4.72893134807236
2.5529274623841 3.65184657624923
2.95355178182945 3.83270731661469
2.59242412517779 2.65087379491888
2.8109952446539 4.69534507137723
2.7657728898339 3.9081960299518
2.68462630687281 2.92949233320542
2.76202760287561 3.31632807618007
2.84849864197895 2.75093507720158
3.01575275138021 2.79255833360367
2.87655972526409 4.17258970439434
2.56711577065289 3.29532997333445
3.01598840625957 3.06252265698276
2.73249441292137 2.98144830274396
2.9608851170633 2.46834725607187
2.7015052177012 3.5273235430941
2.47117639286444 2.45820415671915
2.78629747219384 2.51888675265945
2.84102650359273 3.68641561828554
2.85192334209569 2.84119510208257
2.91850546374917 4.41180011839606
2.31267269118689 1.84229699079879
2.77890841593035 3.15871635335498
2.81611915212125 2.37969027715735
2.73479669471271 4.19205016689375
2.65049371984787 4.81324034044519
2.87615555222146 2.69869826850481
2.78133454965428 3.64207575563341
2.78209448908456 3.03062851191498
2.45772886555642 1.88962123706006
2.73007314419374 4.56705097691156
2.67456400673836 3.72001172276214
2.86080972291529 3.67246127105318
2.71253505023196 4.09116307506338
2.58781336247921 4.30941497674212
2.86801968468353 4.99122058274224
2.83603794290684 4.32999895652756
2.67713827779517 2.52284027636051
2.42364324512891 3.03732439526357
2.95333040994592 3.70385797228664
2.78096168651246 2.40975097520277
2.95052397763357 3.85258416063152
2.87812248338014 2.94521367643028
2.702482836321 4.9364751111716
2.89593908935785 4.69146522809751
2.84573784098029 4.75429138634354
2.96469845809042 2.99008973292075
2.8069074312225 3.58936435426585
2.85811357316561 4.1253030160442
2.55788808688521 2.05952001968399
2.78267101850361 3.6540228209924
2.87650301819667 3.03332718205638
2.59743488160893 3.16796842031181
2.81221735058352 3.9479876565747
2.87796649383381 3.28817968722433
2.76568138739094 3.2399664237164
2.83200034638867 4.06908956356347
2.84387183492072 4.99890551087447
2.70963085349649 2.0707217627205
2.79997896403074 2.97117196838371
2.6007117156405 4.66108483611606
2.81694491044618 4.87589198630303
2.71955715958029 4.01466041104868
2.74394319276325 4.45282297208905
2.87996675004251 2.92411061585881
2.65346076339483 2.6357510953676
2.83040901646018 2.80944384052418
2.48922755592503 2.0239691529423
2.86425211117603 4.08118446590379
2.84617510740645 4.00058125145733
2.66261465149 2.36240499652922
3.03830991615541 4.61676143459044
2.80293465591967 3.83438448538072
3.12927471706644 3.53293556720018
2.66687107738107 3.13267462654039
2.80597290140577 4.32299641077407
2.83852812834084 2.60136077064089
2.89673363906331 3.52220925502479
3.11240285052918 2.50917373225093
2.65411519445479 3.3668099285569
3.03872158401646 3.40691207209602
2.47678597108461 2.53991006989963
2.97458681277931 3.41957557830028
2.61823060689494 2.75869876146317
2.8317325504031 4.65586298378184
2.91486775269732 2.5476041121874
2.78626749292016 3.99542462313548
2.62233726214617 3.07274520746432
2.992888368899 3.37847989285365
2.64848041813821 4.09720324911177
2.68031144863926 2.15668174088933
2.760011194041 2.58955308352597
2.86168361781165 3.53639964596368
2.82085060141981 2.60012571234256
3.09877950814553 3.03450662526302
2.7940976829268 4.14568489533849
2.70546596497297 3.51572434534319
2.82216505729593 3.25831889873371
2.79978389618918 4.03909833403304
2.70830480381846 3.40832877554931
2.71087600965984 2.35945592401549
2.88332478492521 2.30056933593005
2.86367581458762 3.56159240938723
2.65793261816725 2.77531677740626
2.8792773000896 3.0381055851467
2.7330807573162 2.20585151109844
2.85202890983783 4.51974294264801
2.71909688832238 1.99558368884027
2.85975550068542 3.54160374030471
2.77911097859032 3.04088482866064
2.62498483527452 3.09764123521745
3.2199505798053 3.0029125965666
2.84523511538282 3.84545366861857
3.11626430368051 4.46036701556295
2.56831852602772 2.64964744797908
2.84045345732011 2.31375444564037
2.81344902585261 4.29877570597455
2.60744268773124 2.54999437485822
2.6647019200027 3.33956489805132
3.1125574791804 3.38769078836776
2.65014900127426 3.67628311971202
2.5759447121527 4.01222314685583
2.89222706924193 3.67568847257644
2.84766123746522 4.59042056812905
2.54423376522027 2.59406379191205
2.91561518562958 4.01625525089912
2.80869158566929 4.91889471537434
2.94210225343704 3.46020273980685
2.80178709654137 2.95297488570213
2.86922683590092 3.61868628300726
2.90649980888702 3.26855307561345
2.7278285077773 2.31467358535156
3.05856542778201 4.79499807697721
2.63808448333293 2.63103199307807
3.06947118719108 3.16946407663636
2.85193730029278 4.29959946894087
2.63453199295327 2.30356763466261
2.83657440450042 4.35702471644618
2.86164406454191 4.94636438204907
2.54554992658086 2.75975013501011
2.81329268356785 4.99872326734476
2.52475480898283 4.61656633415259
2.82650945708156 3.21402442641556
3.07826241943985 4.13671754533425
3.17024848540314 3.35793797508813
2.92409291607328 4.31724440539256
2.75182866724208 4.01410939870402
2.64091724180616 2.80959558673203
2.7399895072449 3.42625402961858
2.86219797329977 4.90320885553956
2.65181537950411 3.95198411424644
2.79752886272036 3.81814288790338
2.79587243916467 3.71413882588968
3.00624503404833 2.79109764494933
2.74750995100476 2.81623945455067
2.60380560881458 3.57429036870599
2.99035231000744 3.3310058072675
3.01281571155414 4.46416205493733
2.67642696504481 2.13929195771925
2.87675336003304 2.17921597184613
2.77324302238412 2.54014553036541
2.75062116212212 4.86865162150934
2.89237520541064 3.67395427078009
2.91161389672197 3.29063836717978
2.76362100732513 2.29881054256111
2.8188043856062 4.21130634145811
3.06322110351175 4.38717721728608
2.75400673039258 3.04167260415852
2.79053637408651 2.86312844371423
2.92791795684025 4.11741574760526
2.79971497831866 3.73441741801798
2.74256133357994 2.14363949606195
2.935834096279 4.10262822057121
3.00453006406315 3.56536683742888
2.61073776753619 2.0159010856878
2.94292359496467 4.14449572446756
2.66183389234357 4.6443980850745
2.77731463313103 3.17276240792125
2.92187208426185 3.28337636310607
2.763053313829 4.72872169106267
2.83329130033962 2.89294481626712
2.68725428148173 4.91480782977305
2.83145683351904 3.76362151815556
2.66029976541176 4.88462858367711
2.77044489048421 3.86927651241422
2.83319612615742 2.73115442018025
2.7057114476338 2.22793422057293
2.76038046809845 2.47307368088514
2.87586882477626 2.9682777414564
2.81455407035537 3.56560788233764
2.82518423744477 2.38634034642018
2.63822546578012 4.26681571523659
2.53274238086306 2.1031537943054
2.68303985125385 2.79951455886476
2.76630037813447 4.32569835684262
2.75580374873243 4.25119944498874
2.77991425595246 4.48232595459558
2.728560998803 3.09357521822676
2.91993391700089 2.87681191577576
2.8173853282351 2.94807694386691
2.55123727722093 2.84038050100207
2.97855727840215 4.87872591475025
2.81760241021402 3.9319970482029
2.94064686284401 4.81244521215558
2.91120891226456 4.40014276769944
2.90638199774548 3.11031146906316
2.73343884851784 3.23499543359503
2.77359283878468 4.36618345207535
2.9087301203981 4.33960487134755
3.05439385119826 2.99648888292722
2.82438237569295 2.55722152418457
2.58276643347926 2.06683424301445
3.1804712919984 4.86652831430547
2.92412102571689 4.32600981555879
2.8333123086486 4.01988245663233
2.68170991679654 4.94449343532324
2.49068680917844 2.71946809254587
2.6874934672378 4.25141409505159
2.74206564645283 4.12733337027021
2.79829496401362 4.11084960447624
2.56770084961317 3.37513219215907
2.74082218878902 2.64658408006653
2.695298375329 3.51031254045665
2.85989814437926 3.26782121090218
2.69465780933388 4.08399508567527
2.82522567198612 4.27029889193363
2.79512149398215 4.84341734321788
2.77756424038671 2.1203598647844
2.67989372601733 3.63901622127742
2.86124585662037 4.05147367855534
2.98228519619443 3.36486418847926
2.6464167505037 3.3640443731565
3.03567234543152 4.91288975812495
2.67523151007481 2.07696832483634
2.83594708656892 2.33279923791997
2.90069910348393 4.78435999597423
2.91949234087951 2.75326126953587
2.88244572817348 2.85755030112341
2.7849665901158 3.67345017497428
2.9208597028628 4.13482040748931
2.58983134059235 2.71969700581394
2.8764109138865 4.87530587124638
2.73173826979473 3.87855786131695
2.59904416860081 4.27544299396686
2.92106313048862 3.65595332579687
2.92981160921045 4.35634059482254
3.21078635053709 3.9845854381565
2.7750881051179 2.64887833152898
2.76122947223485 2.24302377202548
2.5715205585584 1.93604785017669
2.67177343834192 3.29047971987166
2.66759824706241 4.90877155796625
2.62128940899856 3.04318206734024
3.14614263828844 1.89712555380538
2.91051739593968 3.40519982855767
3.09296663850546 2.81435813638382
2.91268856613897 4.28466712357476
2.82425057142973 3.94699638593011
2.65424708253704 2.49049229314551
2.67409716616385 3.59630684484728
2.89727387367748 3.32064483780414
2.75829277466983 2.71486257901415
2.83993349643424 3.11493212822825
2.57229933748022 4.99032387393527
2.8607585770078 3.7617719580885
2.84955248236656 4.28247308125719
3.03394217044115 2.85308982129209
2.65206622541882 3.76548280124553
2.81067241099663 3.96106601925567
2.64105389593169 4.13931147195399
2.91775048477575 2.28342467453331
2.96352655277587 4.5803124725353
2.71547594340518 3.90926920459606
2.97543379710987 3.26606584596448
2.8935494471807 2.49565221602097
2.66299816197716 2.81280205235817
2.90592793608084 3.70374134276062
2.96407069079578 2.65081002493389
2.52790763392113 1.82284585898742
2.70741331507452 2.35778570524417
2.64517731731758 4.72203599405475
2.93379999580793 3.81803266936913
2.90114643168636 4.78417690261267
2.41984449326992 2.72580817108974
2.81798769021407 1.86076067155227
2.63597737299278 2.69790086313151
2.74039529496804 4.12961894762702
2.89745919988491 3.28136483789422
2.76788432500325 4.38340982771479
2.80753485392779 4.27003002841957
2.69038464641199 3.22273274301551
2.65563148073852 3.3955753070768
3.16792483907193 2.85136663005687
2.6145001524128 3.41613006661646
2.68316015484743 3.44536978052929
3.02590844104998 4.6719191968441
2.81867342069745 2.64255738584325
2.74580592988059 3.87652021250688
2.68507196800783 3.23526870110072
2.79970090836287 4.34359489823692
2.97480464563705 4.36636494356208
2.86985224927776 2.71410662913695
2.94741958728991 4.70282081048936
2.87369740777649 4.79490641970187
2.83644731156528 3.78754789358936
2.61824237531982 2.18112404225394
2.65066560241394 3.55912979925051
2.99392789951526 2.55293769529089
2.70248486660421 4.07099989592098
2.71010032272898 2.50331307644956
2.62960776686668 3.07011882774532
3.05982589372434 3.42779935221188
2.84582037478685 4.47473417152651
2.76826512650587 2.8821826109197
2.79570037382655 3.75293081509881
2.91581734200008 4.46949367062189
2.87142476299778 2.8494207910262
2.73442915990017 3.30008598393761
2.76244211010635 3.62060448154807
2.73935336852446 3.57752280426212
2.61091565014794 3.14234168617986
2.81896177097224 2.14458727627061
2.72911144187674 3.74839919619262
2.69173943903297 3.83385437075049
2.8140694682952 2.58458974887617
2.94244965538383 3.35938855423592
2.63468508608639 4.10038345609792
2.82122078817338 4.69085132237524
3.0910625634715 4.5298883493524
2.89300085860305 2.00167490518652
2.76971812942065 4.94643927086145
2.94959908118472 4.17327624280006
2.81294424785301 2.00517962221056
2.76046012761071 3.57736342586577
2.93150648707524 4.98922681901604
2.7473327156622 2.46228546719067
2.78072917251848 3.95234907977283
2.90470361360349 3.16873555537313
2.88711808505468 2.81449997797608
3.10223357984796 4.23885711818002
2.55626586498693 3.02234282600693
2.47467062203214 2.24456690484658
2.83142300788313 3.42205646797083
3.07933617383242 3.21841307450086
2.80361327459104 3.43323929235339
2.70165130496025 2.12839722749777
2.82916203141212 4.64760895585641
2.64128940296359 2.50996834831312
2.50905145076104 2.69992564804852
2.78324992046691 3.6105359334033
2.84542741719633 4.89421463222243
2.85819646669552 4.99833580921404
2.67016266123392 4.54319634707645
2.89113655453548 4.10690070013516
2.97730655991472 4.03947430546395
2.71211748244241 2.55609023268335
2.62381161097437 2.24923727335408
2.80496560502797 4.7481223824434
2.70420108339749 3.65212876466103
2.55451519740745 4.73198403953575
2.79393238364719 3.25802552048117
2.9637599887792 4.81839617015794
2.74715788662434 2.99758751876652
3.19101893575862 3.77432335168123
2.99006250803359 3.53786809835583
2.68546157283708 2.87623904761858
2.70769465481862 3.01351898699068
2.89319131174125 3.05434941314161
2.74102183291689 4.31522200466134
2.8359128953889 3.24183232267387
2.75723974104039 2.99723320174962
2.80875239172019 2.90098780067638
2.83017654321156 3.48602373152971
2.48146688914858 2.32568969717249
2.84681677003391 4.65629454818554
2.71668023080565 3.4031619108282
2.65222528018057 2.91772853815928
2.67123450525105 2.79138116398826
2.75220969342627 4.84539495664649
2.81704370863736 4.07086340943351
2.89678639615886 4.88294338574633
2.7281061722897 3.46290016314015
2.74170496501029 4.64150058105588
2.72534920484759 3.10881543206051
3.02320792339742 3.33657187991776
2.72852468420751 3.62609309144318
2.68815692630596 2.88060278748162
2.60756879113615 2.74607777362689
2.91837649303488 3.87584358919412
2.66754530370235 3.15423435182311
2.71451540756971 2.59330339846201
2.94911455945112 3.09861864196137
2.79610733501613 3.35847331094556
2.65897205448709 2.47899054316804
2.92904588044621 2.93911845306866
2.8496398893185 4.31593309505843
2.58940712432377 2.16784253134392
2.54510006983764 3.84889830253087
2.81638230662793 3.58027562615462
2.87427494069561 3.36053182021715
2.66976842307486 4.83682011137716
2.88778049289249 3.369817516068
2.86747784703039 2.53572829067707
2.88385117193684 3.15732776303776
2.63721511815675 2.16516640619375
3.02127224975266 3.90915111638606
2.90680981590413 4.87034817924723
2.54076616140082 2.61806223075837
2.84518572269008 2.45940986671485
2.95636566355824 2.84650758490898
2.74511372088455 3.03514914703555
2.69297382328659 2.94436416006647
2.66738508711569 1.96324353688397
2.40293190116063 2.35513443360105
2.77015621308237 4.41906649852172
2.83103846479207 2.94539136462845
2.7638538449537 4.59668958792463
2.57064874167554 2.70194730139337
2.74801345542073 2.91369783808477
2.39632806857117 1.96841429104097
3.05176647030748 3.04815418785438
2.98932379228063 3.60197928850539
2.73036373779178 2.06882086116821
2.83033874584362 2.75509083177894
2.88173043052666 4.37346371356398
2.63774149003439 3.76305261743255
2.54465085454285 4.2632452736143
2.82279864768498 3.77090772613883
2.78497398947366 3.48283881205134
2.62491768808104 2.45817989576608
2.71488733007573 3.71331948088482
2.95556836295873 2.65078846714459
2.97085883212276 2.88659467827529
2.80718850903213 4.27505250205286
2.93405887205154 2.60115874931216
3.02103848429397 3.25197576428764
2.81322375056334 3.14352066139691
2.89174959412776 4.12059871247038
2.66455275123008 2.86850230186246
2.72840724559501 2.01039624051191
2.66785116749816 2.68322381423786
2.89535875781439 2.14063670253381
2.74674203479663 3.94701490178704
2.76711740298197 1.99349322821945
2.52791256527416 4.14092126651667
2.69873197306879 4.21534026507288
2.6710912573617 3.57252785935998
2.85867933183908 3.79751903587021
2.85242247045971 3.80245525971986
2.7172774146311 4.6435841859784
2.64609392732382 3.01235280698165
2.82470648759045 2.8292102785781
3.03786563337781 4.16361629031599
3.03583722794428 3.75875624129549
2.78647834435105 3.59718918334693
2.76779210777022 3.87762853992172
2.67291224445216 3.21618695743382
2.63956206734292 4.31756800157018
2.94596700579859 4.2638297600206
2.56544985459186 3.39761098381132
2.37915928824805 2.2426001552958
2.51094400533475 4.59911820711568
2.62721037492156 3.69378594681621
2.89144915877841 4.60086706210859
2.68873934168369 2.06492436816916
2.74399862275459 4.02737175696529
2.82226785318926 3.26815195148811
3.03193489671685 3.04357306333259
2.40682515315711 2.35667333938181
2.68557220580988 4.11995343281887
2.79280300834216 3.34505081176758
2.54619396408089 2.65486935968511
2.83548439387232 2.35681510064751
2.88573918514885 3.80724861985072
2.88129803258926 2.4546256812755
2.81205692910589 4.24929021974094
2.93782836408354 3.38369193021208
2.83562744967639 4.41415925626643
2.66403320594691 2.14673336828128
2.57508325739764 2.14817485306412
2.67120504402556 2.51040290226229
2.66397035564296 3.44857168849558
2.90513162501156 3.97014679037966
2.70125695737079 4.97947868774645
2.45220996788703 2.30683754314668
2.74868345004506 4.41190588986501
2.60248383972794 2.99219964654185
2.57067935308442 2.18812480568886
2.64024179312401 4.38013372709975
2.98413310199976 3.68973085540347
2.51997678074986 2.7918518637307
2.50735484878533 1.96415785932913
2.65426217229106 4.68200591159984
2.69743776298128 3.48424884141423
2.66831690212712 4.97284622630104
2.58183910045773 2.72816795972176
2.80186913441867 4.41723814932629
2.93697513756342 3.39971314533614
3.10518678394146 4.90117427078076
2.88503572228365 2.69603467546403
2.51469480455853 2.81291109509766
2.64860305469483 2.83685642760247
2.80074154608883 3.8844031537883
2.78821286745369 4.02587182354182
3.06884035584517 4.7212061600294
2.71654706681147 3.92852892167866
3.11838047695346 3.56876399484463
2.4737082014326 2.15567416860722
3.01430265768431 3.03557324805297
2.76885851402767 3.88395039131865
2.68950336030684 3.14283755840734
2.75020653847605 4.08224583021365
2.97278734855354 3.72525562066585
2.50842544832267 3.07710032560863
2.70566428196616 3.87432088027708
2.67565852380358 4.853540022159
2.88228939170949 3.41360647464171
2.76221235399134 3.16833019838668
3.10121342656203 4.64492414146662
2.66773063107394 3.07165611186065
3.0531883216463 4.73322391393594
2.95637228293344 3.7035354715772
2.81765917199664 3.48165351431817
2.78201437555254 3.26711781788617
2.62738625751808 2.11438296246342
2.76094459695742 2.89609898813069
2.91163562447764 4.34582037385553
2.892736797221 4.65383986593224
2.93514592573047 3.68629318196326
2.81574200489558 4.2861954018008
2.83229070482776 4.32993136462756
2.74395407177508 4.67455393169075
2.70495002740063 3.46400226815604
3.03794742911123 3.02219395176508
2.79840825358406 3.28664427623153
2.7679157606326 3.76400662702508
2.85153161617927 2.6531524641905
2.79085032641888 4.2147135862615
2.76102353585884 2.18942101462744
2.78348936000839 3.32480401033536
2.82141712261364 4.01318307034671
2.95373276690952 2.70556564792059
2.50563371344469 3.22796397376806
3.0169700353872 3.18243268877268
2.78431730461307 2.84868244314566
2.8096053597983 2.58390840841457
2.73018174106255 4.78976583923213
2.77541449177079 4.93070395197719
2.64385952847078 3.64526099292561
2.50135755049996 2.69269744167104
2.69579343963414 4.63760805781931
2.90118391392753 3.65040358155966
2.80213859630749 2.7562532259617
2.7065625297837 2.44518125895411
2.60910819168203 4.80673107551411
2.83504641847685 3.38239972130395
2.79006645316258 3.31152131664567
2.85657225991599 4.57018488552421
3.00802294979803 4.98509680270217
2.67292167525738 2.49723174842075
2.92811672668904 2.39144274615683
2.83264099620283 3.50404244381934
2.89931242004968 4.55617710249498
2.85841443343088 2.7582494483795
2.60763342492282 3.2287938753143
2.79064313857816 3.80302687175572
2.92095653363504 2.88529788376763
2.55347243975848 3.59889170038514
2.73354384233244 3.81601291592233
2.52821392728947 3.14331735367887
2.66071578953415 3.21742340107448
2.77958730352111 4.23877730732784
2.97788197291084 2.94793088105507
2.68556186580099 4.11025420995429
2.47286120778881 2.56286251707934
2.62025948613882 2.25677555892617
2.89116091793403 4.77636787574738
2.87647151970305 2.86009217379615
2.86782638402656 2.06458483706228
2.7566502802074 2.85636960412376
2.91031938279048 2.88310061325319
2.70325701450929 3.34005644544959
2.6501667231787 3.18871931871399
2.77958189835772 4.94131457293406
2.83630826394074 2.77607704745606
2.7436228573788 2.45955627178773
2.98762317863293 3.61002987017855
2.60277653462254 3.9080118201673
2.52583240042441 2.02245590509847
3.05339633021504 3.03321368992329
2.92652730830014 4.79394011432305
2.83702971762978 4.87293436541222
2.50492577324621 3.96810455829836
2.79882394941524 2.76422500493936
2.75673189666122 3.79334083758295
2.78346998384222 3.44833909184672
2.83254046691582 2.31776400236413
2.98949912423268 3.85961393476464
2.58730814210139 3.05505590746179
2.81049612676725 2.9884936788585
2.77348166564479 3.68560073198751
2.56828734767623 3.29241926898248
2.65404200414196 2.77969449060038
2.78088390245102 3.98239223053679
2.37508723395877 2.71776620531455
2.63577178237028 4.59944129223004
2.69979099277407 4.72716252086684
2.99355598632246 4.57234478322789
2.77682779240422 2.60983914835379
2.67416742979549 3.94856472848915
2.66349951038137 3.37525073555298
3.21590439765714 3.49594617262483
2.69864973146468 3.68464910541661
2.70133051788434 3.41513780876994
2.96090558171272 2.40748776937835
2.83018660033122 4.74050383782014
2.71358157973737 4.19686760986224
2.64820943470113 2.70471512340009
2.94772535678931 3.30442215199582
2.88030499010347 3.50275024306029
2.82653769361787 4.55892831319943
2.86017698817886 4.53358739381656
3.1613542989362 3.06131380028091
2.61778034036979 2.67308495007455
2.73149267071858 4.81356567819603
2.91205395478755 4.04766321764328
2.62531293090433 2.93060054071248
2.72911140462384 3.95907822879963
2.6667680835817 2.36415627179667
2.89096198743209 3.39415772003122
2.39957666606642 3.7882036739029
2.82935387222096 4.0379050176125
2.5956157897599 4.95093805482611
2.66579953022301 3.47804114338942
2.67617604113184 2.57995750172995
3.08801454841159 3.38547693681903
2.83259680960327 2.97885487205349
2.78225118876435 2.79764076229185
2.93951451894827 4.45050320471637
2.71926517598331 4.19946135254577
2.94182158075273 3.00557526526973
2.89128932636231 3.70594713138416
2.77854160172865 3.43939875019714
2.87803913932294 3.63472518627532
2.86325321998447 3.79078425932676
2.79932446777821 4.8221560404636
3.0453283584211 3.8067297777161
2.77395103126764 4.87080387305468
2.59168689139187 2.42752580554225
2.8927786462009 4.72984168445691
2.95229169190861 2.83713221317157
2.77597414329648 2.73476502741687
2.64394760946743 4.78024007054046
2.58295923587866 3.56714167981409
2.76596561889164 2.34477188438177
2.98788940301165 3.48889498156495
2.58236165158451 2.49384089489467
2.96063464600593 3.46245489432476
2.79139087535441 3.23489372385666
2.9228037991561 4.32341074454598
3.0906722357031 3.91696134116501
2.80252706375904 2.44427757337689
2.72316190646961 3.30708813853562
2.79256035224535 4.81574081699364
2.79639313346706 3.06727405870333
2.89957274217159 2.83878983813338
2.7282089588698 2.31910288915969
2.69715224159881 3.73751784907654
2.96677044127136 2.86924162064679
2.70206289715134 4.79694912442937
2.77143883053213 3.10394218773581
2.89997968124226 2.79519485076889
2.82560639316216 1.99831402627751
2.62154665077105 2.88026168127544
2.85362820373848 3.01147116813809
2.87401168956421 2.96738726901822
2.46812967583537 2.50412292312831
3.01338190212846 4.27037421846762
2.40671145264059 1.97334263822995
2.66723477165215 3.83214496774599
2.72343866876327 4.22246349975467
2.71873700781725 4.68880561413243
2.69809084944427 4.61435298668221
2.41419344558381 2.05962933367118
2.88807853474282 4.36154478113167
2.71220738417469 3.66364542278461
2.84018139354885 4.62101986748166
2.96910588396713 4.92749976692721
2.98017171793617 1.99881084496155
2.71330409916118 4.5309855719097
2.74423336843029 4.16118857916445
2.84184378106147 4.09804209368303
2.57312663830817 3.19349337602034
2.91597431642003 3.2647206436377
2.86047413013875 2.57972055464052
2.82203265815042 2.57237505051307
2.66969291144051 2.19518861966208
2.93890716508031 3.92698288545944
2.54540565307252 3.74040881404653
2.82343148835935 3.04925871780142
2.87307542283088 4.0944380289875
3.09740776196122 4.72923244116828
2.79169898130931 4.45651645888574
2.70168854855001 2.95099666225724
3.00587537931278 3.54574802098796
2.82873692689463 4.3089748325292
3.08562893071212 3.30512246815488
2.92169047985226 3.56491689104587
2.56224241107702 3.80464893882163
2.67278827610426 2.87150417454541
2.72097975830548 3.33947537117638
3.00076749757864 4.47796381427906
2.77738662087359 2.970090797171
2.85191281465814 3.78413012018427
2.75545405456796 4.30026666610502
2.8631952253636 4.18305312050506
2.79774910304695 4.04411917785183
2.97176199266687 3.9909684646409
2.87369017722085 4.84641782124527
2.75927567854524 4.11057181539945
2.9231609927956 4.04071433469653
2.82557613565587 2.96776171773672
2.57396766333841 3.50929671316408
2.67099565011449 3.97310297586955
2.75703243794851 1.96232763119042
2.89376700413413 4.48992788325995
2.90425968007185 4.63243426056579
2.67261833767407 2.83448295318522
2.61666478007101 3.31177807529457
2.66856928006746 4.34590737568215
3.00712133175693 4.56171026453376
3.22586949332617 4.6445288520772
3.02983767469414 4.93839418515563
2.64255565591156 3.98610826814547
2.64420603401959 2.60073230136186
2.77530302875675 4.50211914605461
2.70255041890778 4.79566251509823
2.67608589259908 4.54630028107204
2.67274791374803 2.30112759163603
2.68196727032773 2.01970972470008
2.63008301262744 3.26505713164806
2.78572181356139 3.03851490258239
2.93834536103532 2.6486799120903
3.12327498453669 4.51681619160809
2.58209747378714 2.59902978083119
2.82361585646868 3.35894927266054
2.55137027357705 2.51221055397764
2.66961404005997 2.60709093068726
2.63119327719323 4.32754976558499
2.72791292052716 2.5807637674734
2.72798139718361 4.48096511070617
3.10053037828766 4.6303778886795
2.93213207623921 3.75161854200996
2.67930516274646 3.47817299538292
2.70850473199971 4.74510654690675
2.82790650031529 3.16049045533873
2.88787117693573 2.73601652239449
2.63956493115984 2.45478383381851
2.79845074866898 4.34721833560616
2.63518057647161 3.63011728157289
2.76446835137904 3.35571938892826
2.71665310836397 2.53255191142671
3.04201408405788 3.81406292552128
2.95734380371869 4.57322312402539
3.00308217527345 3.27135341707617
2.4648773309309 2.55463016917929
2.57157378015108 2.62547794030979
2.89273056434467 2.51831025001593
2.93266306864098 3.45295778126456
2.61448282399215 4.51475465786643
2.76692894287407 2.92048264760524
2.64895917265676 2.03800252405927
2.94084109598771 3.55508260428905
2.69667529966682 4.13511166581884
2.75828059529886 3.71796939289197
2.71666853222996 2.35505152144469
2.56091615883633 2.81136317411438
2.9503816680517 3.27415742096491
2.65993975102901 4.05364408507012
2.86894170916639 4.85536502441391
2.84012145362794 4.38478508032858
2.86523276008666 4.84214480733499
2.58476612507366 2.32940058456734
2.65638956334442 2.26770953391679
2.68814858514816 4.59372367244214
2.5376467523165 3.16729388665408
2.75798212736845 2.53661759546958
2.71032323711552 3.54061765130609
2.82757920096628 2.76528541231528
2.68238001386635 4.2270240036305
2.84545323695056 4.85201782197692
2.60763360070996 2.30211919522844
2.60120876831934 2.98267363221385
2.6697830518242 4.20306268963031
2.95879121171311 3.64734734524973
3.03784823860042 4.8025526816491
2.8897426603362 2.96795076108538
3.00858287489973 3.75108236446977
2.82347994856536 3.37730172090232
2.97171668498777 4.42541891126893
2.72495796438307 2.64321396243758
2.73990105255507 2.21017529023811
2.47957960586064 2.59667344391346
2.68659900873899 4.46582648321055
2.87224889849313 3.36878363392316
2.85877153510228 4.01735737919807
2.79722306760959 2.46059599448927
2.8253767604474 2.72774767363444
2.63630062108859 2.57285186904483
2.89346346864477 3.05128954700194
2.72868699510582 3.2002324424684
2.98168456181884 4.97813561349176
2.62920161592774 3.07375514297746
2.57828234694898 4.88393510924652
2.75307738920674 4.35618263436481
2.73710319539532 2.91272048954852
2.6831793889869 3.68153160088696
2.97194628044963 4.87766141770408
2.68849919782951 4.94927531341091
2.61501968256198 3.01326500368305
2.86908918526024 4.76307535893284
2.83274521352723 4.14268022868782
2.56051629083231 2.93250680551864
2.99950171611272 4.46040189824998
3.02084461320192 3.6115965328645
2.60452391928993 3.44120676279999
3.05969824199565 3.65526305278763
2.63329305569641 2.05034882645123
2.84641536301933 4.3131491926033
2.74680895847268 3.69470229838043
2.91243274114095 3.22984088212252
2.97240019775927 2.88039144012146
2.85355623811483 2.60937903192826
2.92162864468992 4.41587451496162
3.05020360625349 2.90861644665711
2.78881629114039 3.92580201616511
2.92902378016151 3.73050570371561
2.86889635492116 4.12554008304141
2.83198326360434 3.43202107935213
2.86701925215311 3.77535542589612
2.68013943568803 4.52270713052712
2.9606306005735 3.65753086633049
2.96313691884279 3.96571823745035
2.96002063085325 4.02771191904321
2.53495283657685 3.47622957662679
2.86587853915989 4.67846548766829
2.98933435347863 4.5800783613231
2.7707056212239 2.52089511486702
2.61704701464623 2.26261113071814
2.61777483159676 4.46555848233402
2.68970595439896 2.72080778377131
2.77259369613603 2.71238555782475
2.80157186905853 2.6723720273003
2.88669084664434 2.98470574431121
2.83083627931774 2.4833397497423
2.6621480321046 3.15234383102506
2.69889832474291 2.2912613756489
2.60044867754914 2.13567696977407
2.76805137982592 3.58958731172606
2.50864098197781 2.50038451282308
2.82103841425851 4.51750307460316
3.19410622585565 4.58767324918881
2.94403733802028 4.76458676508628
2.75878279935569 3.46643179422244
2.42983259144239 2.0813243847806
2.65586770954542 2.24144814303145
2.61148456367664 2.26351727731526
2.77273711399175 3.72947143157944
2.60770959197544 2.94089490314946
2.79822395415977 4.46917589753866
2.77687955298461 3.54874788667075
2.84649236826226 3.52900586440228
2.80178246670403 3.452156848507
2.77318421402015 3.63551255548373
2.85785137792118 4.52026606537402
2.94565927935764 3.67990246391855
3.02099972963333 4.65630794293247
2.90406112908386 2.92637568316422
2.94842239352874 3.80070537561551
3.02380377310328 4.71760888118297
2.648505049292 4.10605125594884
2.93459693901241 2.05420095473528
2.74244305212051 3.53342245682143
2.80989931430668 3.01339995465241
2.79089638032019 2.28798287571408
2.65347264939919 2.90287248091772
2.66842057928443 4.54967662808485
2.9194790229667 4.84100443427451
2.76828542700969 3.93439709907398
2.79184652608819 3.93263951060362
2.8152216959279 3.13384388340637
2.84060470992699 3.41823473805562
2.67819828703068 2.04540927428752
2.73762328666635 2.17299439013004
3.06943307747133 4.51612141099758
2.51853177207522 2.11745046894066
2.7745990769472 4.33749324060045
2.89294287445955 3.05885372683406
2.87346021621488 2.47011560597457
2.65108866849914 3.06877125636674
2.86103970021941 3.75050662551075
2.81556681147777 2.4882876209449
2.74622428463772 2.32314798748121
2.66455286648124 3.54906425694935
2.68914242740721 3.52251182543114
2.72890658234246 3.771498008864
2.5863942259457 2.97623308841139
2.67523649497889 3.63671116065234
2.86015328136273 2.55697010667063
3.16425287164748 4.56594821531326
2.86253113299608 2.34565900522284
2.90670880698599 4.74978582235053
2.67765007098205 3.926488236757
2.85655057174154 3.92140081617981
2.73689808673225 3.1741765269544
2.60394058306701 3.0104858300183
2.86346462438814 3.09343729284592
2.79698628466576 4.30312001146376
2.84737584996037 3.82042438373901
2.63882757164538 2.86579017993063
2.62532611261122 2.92178561212495
2.83781796460971 3.84493763558567
2.77467181324027 3.53417010395788
2.94463445432484 4.37092197826132
2.95814609969966 3.36626015137881
2.96680809929967 4.55901377717964
2.58287265198305 4.79105917154811
2.63525471789762 3.22850820375606
3.02962661371566 4.89693511277437
2.6132175012026 2.2647831402719
2.6790995686315 2.83408756367862
2.66099719912745 3.14739285618998
2.94300211593509 4.45207459968515
2.51280346419662 3.51797564770095
2.94528193073347 3.08823611936532
