1 3 12 34 78 170 259 239 115 32 2 0 0 0 1 2 5 17 50 128 296 551 785 899 931 933 933 933
1 3 12 27 71 157 276 301 136 38 10 1 0 0 1 2 5 17 42 108 246 491 766 889 926 936 937 937
1 3 9 25 75 157 261 250 141 42 15 5 1 1 1 2 5 14 34 100 250 499 729 859 898 912 917 918
1 4 11 35 89 173 272 242 115 33 9 0 0 0 1 2 6 16 50 136 301 552 775 883 912 921 921 921
1 4 14 27 74 152 248 251 134 40 16 4 0 0 1 2 6 19 46 115 261 498 739 864 900 916 920 920
1 4 11 27 69 177 281 296 134 43 10 2 0 0 1 2 5 16 39 101 264 507 775 899 937 946 948 948
1 4 15 37 82 165 281 277 158 56 11 2 0 0 1 2 6 18 44 110 253 494 723 867 916 926 928 928
1 3 12 33 79 169 259 217 123 33 11 2 0 0 1 2 5 17 49 128 294 551 767 888 920 931 933 933
1 3 10 28 62 151 253 264 130 56 11 2 0 0 1 2 5 12 40 100 249 493 747 869 923 934 936 936
1 4 6 20 57 165 273 273 112 30 8 4 0 0 1 2 6 12 32 87 249 517 784 893 922 929 933 933
1 2 6 22 70 156 300 274 134 45 16 2 0 0 1 2 4 10 30 96 237 510 766 881 915 930 932 932
1 4 8 28 78 188 265 250 135 51 19 5 1 2 1 2 6 12 34 106 278 516 737 859 908 924 929 930
1 2 6 19 69 160 276 282 149 42 8 2 0 0 1 2 4 9 26 91 245 505 771 913 952 960 962 962
1 3 8 20 57 138 246 266 146 47 9 1 0 0 1 2 5 13 33 89 226 467 732 875 922 931 932 932
1 3 10 35 88 180 286 236 115 26 7 4 1 0 1 2 5 14 48 132 303 571 795 903 927 934 938 939
1 2 7 22 61 141 258 272 140 39 6 0 0 0 1 2 4 11 33 93 232 488 759 899 937 943 943 943
1 4 10 32 80 160 249 232 116 58 11 4 1 1 1 2 6 15 46 123 281 521 741 850 907 918 922 922
1 3 8 20 58 154 259 249 130 28 9 2 0 0 1 2 5 12 32 90 242 499 744 874 902 911 913 913
1 3 9 28 68 158 276 275 115 22 3 0 0 0 1 2 5 14 41 109 264 537 808 921 943 946 946 946
1 2 6 19 66 161 275 274 114 24 8 0 0 0 1 2 4 9 28 93 254 528 799 913 936 944 944 944
1 3 8 29 72 150 263 239 116 46 12 2 1 0 1 2 5 12 39 108 252 506 738 848 891 903 905 906
1 3 9 30 65 145 227 269 151 43 10 5 0 0 1 2 5 13 42 107 250 471 736 884 927 937 942 942
1 4 10 31 80 181 291 278 146 45 13 4 0 0 1 2 5 14 40 109 263 516 748 877 916 927 931 931
1 3 8 32 72 159 236 254 124 44 15 4 0 0 1 2 5 13 44 113 270 502 748 866 910 925 929 929
1 4 10 28 73 147 259 238 117 35 12 7 3 0 1 2 6 16 44 115 259 511 743 859 894 904 911 914
1 3 10 28 78 157 300 251 115 34 14 4 0 0 1 2 5 15 41 115 257 544 780 891 922 935 939 939
1 4 10 34 78 159 271 229 117 38 16 6 0 0 1 2 6 16 48 123 278 536 759 872 906 922 928 928
1 4 14 37 98 184 292 256 126 52 15 3 1 0 1 2 5 18 49 134 293 549 772 877 922 935 937 938
1 2 8 22 64 148 281 274 120 18 3 0 0 0 1 2 4 12 34 97 243 524 795 914 932 935 935 935
1 2 11 28 71 172 283 252 148 46 26 3 0 0 1 2 4 12 34 98 263 516 736 872 903 928 931 931
1 5 8 27 69 154 255 245 137 34 5 3 0 0 1 2 7 15 42 111 265 516 758 894 928 933 936 936
1 2 7 28 67 172 290 272 120 37 11 5 1 1 1 2 4 8 33 91 250 519 777 893 927 936 941 942
1 3 8 23 68 171 277 270 148 48 10 1 0 0 1 2 5 13 29 90 249 502 738 875 923 933 934 934
1 2 9 22 52 143 269 270 136 40 10 3 1 0 1 2 4 12 34 83 218 479 740 872 912 922 925 926
1 4 10 22 66 139 245 255 123 51 11 3 1 0 1 2 6 16 37 103 240 482 736 858 909 920 923 924
1 3 9 31 81 158 228 238 142 45 14 6 1 0 1 2 5 13 40 120 268 479 714 847 891 905 911 912
1 3 8 22 58 147 274 290 117 27 3 0 0 0 1 2 5 13 35 93 238 506 792 907 934 937 937 937
1 2 7 22 71 162 263 256 116 36 10 1 0 0 1 2 4 11 32 101 256 515 769 881 917 927 928 928
1 2 7 25 72 173 270 285 141 41 9 3 2 0 1 2 3 9 32 96 258 511 765 896 934 943 946 948
1 3 11 29 71 174 285 250 108 26 4 1 0 0 1 2 5 16 44 114 285 564 807 913 939 943 944 944
1 3 8 20 46 137 264 288 131 43 10 3 0 0 1 2 5 13 33 79 213 475 761 892 935 945 948 948
1 2 10 29 72 151 242 231 148 52 17 4 2 0 1 2 4 14 43 115 263 502 728 875 925 942 946 948
1 4 8 22 63 146 270 246 113 42 10 1 0 0 1 2 5 13 35 98 240 508 753 863 905 915 916 916
1 4 8 25 61 133 244 269 132 55 12 2 0 0 1 2 6 14 38 99 232 471 734 862 917 929 931 931
1 4 8 23 59 156 273 271 145 40 6 0 0 0 1 2 5 12 35 89 235 492 746 882 921 927 927 927
1 2 8 27 69 159 291 276 111 29 4 0 0 0 1 2 4 11 38 106 260 543 808 914 943 947 947 947
1 5 13 28 73 163 248 236 124 43 7 1 0 0 1 2 6 19 46 119 279 525 759 882 924 931 932 932
1 3 12 28 69 161 259 250 112 23 11 2 1 1 1 2 5 17 45 113 273 529 774 885 907 917 919 920
1 4 12 33 85 191 297 266 146 52 12 2 0 0 1 2 4 14 45 122 281 532 756 882 931 942 944 944
1 4 14 20 69 147 276 262 113 37 10 3 0 0 1 2 5 19 39 106 249 519 778 888 923 933 936 936
1 2 7 19 55 144 264 275 143 36 9 0 0 0 1 2 4 11 30 85 226 488 760 901 937 946 946 946
1 3 12 39 83 163 262 272 122 34 5 0 0 0 1 2 5 17 54 134 290 531 787 904 936 941 941 941
1 4 11 35 76 157 253 257 127 44 7 1 0 0 1 2 5 16 50 125 278 523 773 895 939 946 947 947
1 3 8 30 75 161 285 245 122 55 17 3 1 0 1 2 5 13 42 113 262 521 742 856 909 925 928 929
1 3 10 24 59 146 264 251 125 40 7 2 1 0 1 2 5 15 39 97 243 503 752 877 917 924 926 927
1 3 10 28 64 141 270 298 142 43 7 0 0 0 1 2 5 14 39 101 230 485 760 891 932 939 939 939
1 4 14 30 78 182 294 253 117 34 8 4 1 0 1 2 6 20 48 120 286 552 785 893 924 930 934 935
1 2 11 30 74 170 275 263 111 28 2 0 0 0 1 2 4 15 45 119 288 556 811 921 948 950 950 950
1 3 9 25 69 149 252 239 130 45 5 0 0 0 1 2 5 14 38 107 251 494 729 858 903 908 908 908
1 4 12 30 70 164 283 292 145 44 14 3 1 0 1 2 5 17 41 102 252 507 763 893 932 946 949 950
1 4 14 32 72 162 256 252 138 40 10 4 2 2 1 2 5 19 49 116 267 503 744 875 914 923 926 928
1 3 8 27 72 160 278 292 153 56 8 1 0 0 1 2 5 11 35 95 242 489 758 892 945 953 954 954
1 3 10 29 76 155 266 241 104 36 8 1 0 0 1 2 5 15 43 116 270 532 769 872 908 916 917 917
1 3 9 24 79 163 276 244 103 26 8 0 0 0 1 2 4 12 36 114 272 542 784 884 910 918 918 918
1 4 9 25 65 152 262 245 115 37 13 8 4 1 1 2 6 15 39 103 249 505 746 860 895 908 916 920
1 3 6 25 70 169 264 241 102 32 8 1 0 0 1 2 5 11 36 106 274 538 777 878 910 918 919 919
1 3 9 26 68 150 254 241 127 37 10 2 0 0 1 2 5 14 39 105 250 496 730 852 889 898 900 900
1 3 10 24 64 152 283 276 110 29 2 1 0 0 1 2 5 15 38 102 248 527 798 904 933 935 936 936
1 4 12 33 74 166 274 255 131 35 9 3 0 0 1 2 4 16 46 112 269 519 754 882 912 921 924 924
1 3 10 26 68 164 263 247 127 24 3 0 0 0 1 2 5 15 41 109 273 533 776 902 926 929 929 929
1 4 9 27 66 154 230 253 132 46 12 3 1 1 1 2 6 15 41 106 259 486 734 866 911 923 925 926
1 3 9 27 82 191 276 257 107 28 8 1 1 0 1 2 5 12 39 113 292 547 793 896 923 930 931 932
1 4 12 21 62 156 278 265 125 28 3 1 0 0 1 2 6 18 39 97 245 511 769 891 918 921 922 922
1 3 6 22 68 157 279 282 148 43 10 1 0 0 1 2 5 10 28 92 237 493 757 900 939 949 950 950
1 3 9 26 66 155 289 277 140 34 10 3 1 1 1 2 5 14 39 99 246 516 771 904 937 947 950 951
1 3 7 27 72 159 269 260 120 32 7 2 2 0 1 2 5 12 39 109 263 529 780 899 931 937 939 941
1 3 10 31 78 176 269 219 122 31 6 1 2 1 1 2 5 15 45 120 286 548 756 873 904 910 911 913
1 4 9 19 55 158 289 283 125 26 6 3 0 0 1 2 6 15 34 87 238 516 790 912 937 942 945 945
1 2 8 20 61 159 285 279 125 40 10 2 1 0 1 2 4 12 30 85 233 503 773 893 932 942 944 945
1 4 8 25 77 174 302 258 125 44 8 5 1 0 1 2 5 11 33 100 266 548 780 895 939 945 950 951
1 4 7 22 57 146 265 288 130 31 9 1 0 0 1 2 6 13 34 90 234 491 763 887 918 927 928 928
1 4 11 26 61 158 259 262 145 51 11 3 1 0 1 2 6 16 36 93 235 474 718 856 904 915 918 919
1 2 9 26 78 171 304 248 119 35 6 1 0 0 1 2 4 12 35 106 266 545 778 893 926 932 933 933
1 3 9 24 69 167 272 255 118 32 10 3 0 0 1 2 4 13 37 106 266 530 780 896 926 936 939 939
1 2 12 33 82 181 277 266 123 34 9 1 0 0 1 2 4 15 47 122 297 557 802 917 949 957 958 958
1 5 11 29 61 150 252 269 132 31 2 0 0 0 1 2 6 16 45 103 253 504 768 898 929 931 931 931
1 4 11 34 98 188 284 274 150 56 19 5 3 1 1 2 5 15 41 126 277 510 730 858 904 921 924 926
1 3 7 22 65 163 254 274 132 39 5 1 1 0 1 2 5 12 33 91 243 487 749 877 916 920 921 922
1 3 12 28 73 159 265 274 148 48 17 5 1 0 1 2 5 17 41 106 253 493 747 885 924 941 946 947
1 3 9 28 67 136 228 265 140 52 11 0 0 0 1 2 5 13 41 107 240 464 726 864 916 927 927 927
1 3 10 22 61 157 258 229 125 34 17 1 0 0 1 2 5 15 37 98 253 509 736 861 895 912 913 913
1 3 8 20 59 153 301 262 139 39 11 3 2 0 1 2 5 10 29 87 233 512 753 888 924 934 936 938
1 4 10 28 66 133 253 265 133 42 6 0 0 0 1 2 6 16 43 109 238 484 741 870 912 918 918 918
1 4 11 36 80 158 265 250 135 47 15 2 0 0 1 2 6 16 51 124 271 524 756 884 929 944 946 946
1 4 12 31 86 180 262 272 166 67 23 7 0 0 1 2 6 16 44 120 275 491 720 860 912 931 938 938
1 3 6 22 65 156 262 259 117 44 6 0 0 0 1 2 5 11 33 97 250 505 763 877 920 926 926 926
1 3 9 24 61 133 246 265 150 45 9 1 0 0 1 2 5 14 35 92 220 459 716 865 909 918 919 919
1 3 9 31 61 137 266 275 147 25 7 0 0 0 1 2 4 13 43 102 233 495 763 909 934 941 941 941
1 3 8 22 62 141 239 264 151 37 8 1 0 0 1 2 5 13 35 97 235 468 728 879 915 923 924 924
1 3 10 28 74 148 237 227 137 56 13 4 1 1 1 2 5 15 41 113 259 493 714 849 905 918 922 923
1 3 5 20 50 143 273 269 129 28 7 1 0 0 1 2 5 10 30 80 223 494 761 889 917 924 925 925
1 2 10 29 70 151 261 257 116 31 6 2 2 1 1 2 4 14 43 113 263 519 774 888 919 925 927 929
1 3 9 32 80 173 278 255 100 38 10 4 1 0 1 2 5 14 46 117 277 531 776 868 905 913 917 918
1 3 11 28 87 165 258 233 129 43 15 4 1 0 1 2 5 16 40 118 276 523 749 872 910 923 926 927
1 4 11 30 82 152 267 245 136 36 16 3 0 0 1 2 6 17 46 126 271 533 773 904 939 955 958 958
1 3 8 24 70 171 304 295 130 35 7 2 2 0 1 2 4 11 32 97 250 524 790 910 942 949 949 951
1 4 8 20 63 150 262 264 132 35 7 3 1 0 1 2 6 14 32 92 242 500 758 889 923 930 933 934
1 3 9 20 62 167 296 269 122 26 3 0 0 0 1 2 5 14 34 93 250 531 788 907 933 936 936 936
1 3 8 25 59 137 243 251 127 38 14 7 3 0 1 2 5 13 38 97 233 473 724 850 888 902 909 912
1 3 10 26 73 151 242 252 135 42 8 2 0 0 1 2 5 15 41 114 264 500 749 882 924 932 934 934
1 4 12 28 69 141 258 262 125 29 4 0 0 0 1 2 6 18 46 114 255 511 772 896 925 929 929 929
1 3 12 24 59 143 279 285 130 38 11 1 0 0 1 2 5 17 40 99 235 495 767 890 926 937 938 938
1 4 9 31 80 166 257 258 106 31 9 3 2 1 1 2 6 15 44 123 288 534 784 888 918 927 930 932
1 3 7 22 67 153 261 267 122 34 7 2 1 0 1 2 5 12 34 100 250 506 773 894 927 934 935 936
1 3 11 32 78 155 264 267 156 59 26 5 0 0 1 2 4 12 41 113 247 478 713 845 897 921 926 926
1 3 10 25 56 142 265 270 140 35 7 1 0 0 1 2 5 15 39 92 227 481 750 886 919 926 927 927
1 3 8 24 66 152 259 274 141 50 14 2 1 0 1 2 5 12 35 96 237 486 756 889 936 949 951 952
1 4 10 27 66 145 232 262 145 39 14 1 2 2 1 2 6 16 42 106 244 466 722 863 901 915 915 916
1 3 12 29 60 142 261 281 133 37 9 3 0 0 1 2 5 16 45 105 247 498 771 901 937 944 947 947
1 3 9 20 61 167 289 270 111 28 10 4 2 2 1 2 5 14 32 89 249 526 790 895 922 931 934 936
1 3 13 32 62 158 246 239 128 35 10 5 1 1 1 2 5 18 48 107 259 499 730 855 888 897 902 903
1 2 8 25 57 139 244 273 145 46 10 3 1 0 1 2 4 12 36 93 230 473 744 888 933 943 946 947
1 4 13 28 68 159 266 234 114 30 6 1 1 0 1 2 6 19 47 115 274 538 769 883 913 919 920 921
1 4 7 23 78 189 312 278 144 43 9 5 2 0 1 2 6 11 28 94 256 528 769 891 931 939 943 945
1 3 8 24 69 170 284 254 120 32 6 1 0 0 1 2 5 12 35 102 265 537 776 888 920 926 927 927
1 3 10 24 63 137 239 266 137 38 6 0 0 0 1 2 5 15 38 99 236 471 733 870 908 914 914 914
1 3 11 28 67 153 241 245 123 42 11 1 0 0 1 2 5 16 43 109 262 500 744 867 909 920 921 921
1 3 11 28 78 176 267 251 100 29 6 1 0 0 1 2 5 16 44 121 293 556 802 899 928 934 935 935
1 2 10 21 57 146 261 260 132 44 14 2 0 0 1 2 4 14 34 90 234 493 751 882 926 940 942 942
1 3 11 26 69 159 280 268 107 41 15 5 1 0 1 2 5 16 38 107 257 527 778 876 914 929 933 934
1 3 9 33 83 185 249 248 131 35 12 8 2 0 1 2 4 12 43 118 285 514 739 864 898 907 914 916
1 3 7 22 73 154 260 274 148 47 5 1 0 0 1 2 5 11 31 101 241 488 740 883 927 931 932 932
1 3 9 30 81 178 268 259 149 57 22 11 3 2 1 2 5 12 36 106 267 491 716 848 897 914 923 924
1 3 9 23 61 143 253 253 149 52 8 1 0 0 1 2 5 14 37 97 238 486 734 878 927 935 936 936
1 2 10 28 63 144 267 265 128 36 11 1 0 0 1 2 4 14 42 103 243 506 765 892 928 939 940 940
1 4 13 33 80 166 267 275 134 45 17 3 0 0 1 2 6 18 50 123 277 520 771 890 927 944 947 947
1 3 7 21 71 151 265 284 115 27 4 1 0 0 1 2 5 12 33 103 253 511 791 906 933 937 938 938
1 3 12 26 62 145 249 238 143 58 14 7 2 2 1 2 5 16 41 102 244 490 720 860 916 929 935 937
1 3 7 23 61 159 280 278 116 23 4 3 0 0 1 2 5 11 33 94 251 527 802 913 934 938 941 941
1 3 12 32 64 152 241 245 143 49 16 3 2 1 1 2 4 16 46 108 254 487 722 861 908 924 927 929
1 3 10 23 63 155 260 243 134 36 10 2 0 0 1 2 5 15 38 100 254 510 749 881 917 927 929 929
1 2 8 26 75 168 282 276 136 38 9 1 0 0 1 2 4 11 34 105 261 520 775 897 932 940 941 941
1 4 8 25 67 145 276 279 132 30 7 3 0 0 1 2 6 13 38 104 243 509 778 905 933 940 943 943
1 4 11 28 72 170 297 275 132 39 7 0 0 0 1 2 6 16 43 105 265 538 787 908 944 951 951 951
1 2 7 25 63 158 247 250 140 46 15 2 0 0 1 2 4 11 36 95 245 485 728 862 903 918 920 920
1 5 7 25 64 144 259 265 132 39 9 1 0 0 1 2 7 14 38 102 239 490 748 879 918 927 928 928
1 2 11 31 80 164 269 251 123 47 16 6 0 0 1 2 4 14 41 114 266 514 748 859 902 917 923 923
1 3 7 23 56 147 279 283 131 33 12 1 0 0 1 2 5 12 35 90 230 494 773 900 932 944 945 945
1 3 9 25 71 159 263 266 121 45 8 2 0 0 1 2 5 13 36 104 256 500 749 860 903 911 913 913
1 2 7 26 65 160 278 240 111 39 10 2 0 0 1 2 4 11 37 102 261 536 771 882 920 930 932 932
1 3 8 24 67 169 310 288 141 41 7 3 1 0 1 2 5 11 35 98 250 525 788 915 954 961 964 965
1 2 9 30 79 155 243 249 118 40 11 3 2 1 1 2 4 12 42 120 270 507 752 863 901 912 915 917
1 3 12 29 62 155 266 257 146 34 14 1 1 0 1 2 4 16 45 103 251 505 747 889 921 935 936 937
1 2 9 22 52 148 269 284 135 45 10 1 0 0 1 2 4 12 34 85 226 486 761 890 934 944 945 945
1 4 9 25 66 172 261 255 115 33 6 0 0 0 1 2 6 15 37 102 272 527 776 889 921 927 927 927
1 3 10 33 79 174 299 266 132 44 15 2 0 0 1 2 5 13 43 114 268 533 775 893 931 944 946 946
1 4 11 27 66 159 271 260 137 42 13 2 0 0 1 2 5 15 41 101 249 503 745 871 909 922 924 924
1 2 6 22 71 171 284 264 121 36 5 0 0 0 1 2 4 10 32 98 263 538 794 907 943 948 948 948
1 5 11 29 70 167 260 273 145 35 8 1 0 0 1 2 7 15 42 105 262 510 760 897 930 937 938 938
1 3 6 23 59 163 293 274 113 34 10 1 0 0 1 2 5 11 33 90 243 526 792 898 930 940 941 941
1 4 9 27 70 163 262 254 109 35 5 3 2 0 1 2 6 14 40 108 270 526 776 883 918 923 926 928
1 3 10 21 69 153 248 253 119 41 14 1 0 0 1 2 5 15 35 100 252 497 743 855 894 907 908 908
1 4 9 28 72 165 273 242 121 35 9 0 0 0 1 2 5 14 40 110 271 532 767 882 916 925 925 925
1 4 9 27 77 164 247 231 125 37 9 1 0 0 1 2 6 15 41 118 278 523 748 867 904 913 914 914
1 5 12 24 66 150 253 257 133 49 11 4 1 0 1 2 6 18 42 105 251 497 747 873 920 931 935 936
1 3 13 29 89 183 278 257 134 30 11 4 1 0 1 2 4 16 43 128 291 537 771 891 919 930 933 934
1 3 8 25 67 159 291 275 160 42 11 3 1 0 1 2 5 11 34 93 236 502 746 891 928 937 939 940
1 3 9 26 60 147 252 267 156 48 7 2 0 0 1 2 5 14 39 97 238 485 744 895 943 949 951 951
1 3 9 25 70 152 254 268 137 58 9 3 0 0 1 2 5 14 35 102 243 487 742 866 924 931 934 934
1 3 7 22 68 153 272 284 131 39 10 3 0 0 1 2 5 12 32 99 244 497 762 885 921 931 934 934
1 4 11 28 75 180 303 282 136 52 16 5 1 1 1 2 6 17 42 104 258 522 774 891 935 947 951 952
1 4 8 24 60 149 246 272 140 39 5 2 0 0 1 2 6 14 36 96 244 486 755 893 932 937 939 939
1 4 10 27 79 170 296 296 151 48 15 6 3 0 1 2 5 13 36 102 248 504 764 892 936 949 953 956
1 3 9 19 63 149 267 272 137 29 8 5 0 0 1 2 5 13 32 94 234 494 755 889 917 925 930 930
1 3 7 17 58 150 272 280 159 50 8 2 0 0 1 2 5 12 29 84 229 485 741 890 938 946 948 948
1 3 10 32 76 163 269 232 128 54 14 6 4 0 1 2 4 14 45 114 265 518 741 863 913 925 931 935
1 3 7 25 65 166 299 274 122 30 5 0 0 0 1 2 5 12 36 96 257 541 803 922 950 955 955 955
1 4 11 32 77 159 267 249 105 34 14 1 1 0 1 2 6 16 48 123 279 544 786 888 921 935 936 937
1 3 7 21 57 153 278 266 128 27 9 2 0 0 1 2 4 11 31 88 239 514 775 901 928 937 939 939
1 2 8 31 75 153 265 249 156 45 13 7 3 1 1 2 4 12 40 110 251 498 733 877 918 927 934 937
1 4 11 29 65 155 279 269 150 54 22 6 3 2 1 2 6 15 41 100 234 489 729 867 917 937 940 943
1 3 11 31 83 170 256 233 104 33 9 0 0 0 1 2 5 16 46 129 299 553 781 883 916 925 925 925
1 2 10 27 70 149 270 277 134 49 7 2 0 0 1 2 4 12 37 105 241 491 743 867 914 920 922 922
1 3 8 29 77 171 248 240 112 43 9 3 1 1 1 2 5 11 39 114 278 519 753 860 900 909 911 912
1 2 7 21 67 154 288 283 128 34 8 0 0 0 1 2 4 11 32 97 245 525 799 920 953 961 961 961
1 3 12 35 71 156 247 229 123 35 13 0 0 0 1 2 5 16 50 120 272 515 741 861 894 907 907 907
1 3 8 25 73 176 271 245 118 21 7 1 1 0 1 2 5 12 35 107 280 543 785 902 922 929 929 930
1 4 9 29 61 161 278 240 125 40 11 4 1 0 1 2 6 14 42 101 259 530 765 886 925 936 940 941
1 3 6 23 67 151 251 262 128 41 3 0 0 0 1 2 5 11 34 99 248 497 758 883 924 927 927 927
1 3 11 34 75 162 241 254 140 60 15 5 1 0 1 2 5 13 46 113 268 497 735 859 913 926 930 931
1 3 7 21 60 164 289 252 116 25 10 0 0 0 1 2 4 11 30 90 252 535 778 893 918 928 928 928
1 2 7 27 60 136 241 262 148 44 11 1 0 0 1 2 4 11 38 97 233 471 729 875 919 930 931 931
1 4 9 19 61 154 266 278 147 33 6 1 0 0 1 2 6 15 33 92 239 493 759 902 935 941 942 942
1 4 7 29 75 155 266 254 125 42 13 3 0 0 1 2 6 13 42 117 269 523 764 883 921 933 936 936
1 2 9 21 60 143 261 275 136 45 10 2 2 0 1 2 4 13 33 92 231 482 751 883 927 937 939 941
1 1 7 23 67 150 254 264 128 39 14 2 5 0 1 2 3 10 33 97 244 491 749 872 910 923 924 929
1 3 9 29 77 172 280 290 137 45 20 5 2 0 1 2 4 13 40 103 255 498 755 875 915 932 936 938
1 3 10 24 58 142 268 272 144 35 5 2 0 0 1 2 5 15 39 96 237 500 770 912 947 950 952 952
1 3 11 30 82 172 242 266 147 43 9 0 0 0 1 2 2 13 41 119 287 505 749 884 925 934 934 934
1 4 12 20 59 168 298 267 119 33 6 1 0 0 1 2 6 17 37 93 257 544 793 909 941 947 948 948
1 3 10 27 67 168 280 249 112 26 2 1 0 0 1 2 5 15 41 105 271 547 793 903 929 931 932 932
1 3 7 24 66 159 272 289 149 59 22 4 2 1 1 2 5 11 30 89 235 483 740 870 922 944 947 949
1 5 9 27 67 160 268 243 123 34 10 1 0 0 1 2 7 16 43 110 266 530 769 889 923 933 934 934
1 2 7 23 56 135 256 272 148 38 8 0 0 0 1 2 4 11 34 90 224 478 748 894 932 940 940 940
1 4 10 31 80 150 271 230 140 44 11 1 0 0 1 2 6 16 44 120 263 518 731 863 905 916 917 917
1 2 8 27 76 170 268 244 101 28 7 3 0 0 1 2 4 12 39 114 284 550 794 895 923 930 933 933
1 2 8 27 74 164 238 236 140 45 9 3 1 0 1 2 3 11 37 111 273 510 742 882 925 933 936 937
1 2 7 26 79 161 267 272 137 41 8 4 1 0 1 2 4 10 35 112 263 517 778 909 949 956 960 961
1 2 10 28 65 153 273 269 113 28 4 0 0 0 1 2 4 14 42 106 258 529 794 904 931 935 935 935
1 2 8 25 69 170 277 259 127 41 12 3 1 0 1 2 4 11 32 99 268 531 780 902 940 952 955 956
1 2 8 22 68 158 253 272 131 29 3 0 0 0 1 2 4 12 34 102 258 507 775 905 934 937 937 937
1 3 8 24 65 149 268 239 117 49 16 6 1 0 1 2 5 12 35 100 247 508 744 858 906 921 927 928
1 4 9 27 60 150 276 248 152 52 11 2 1 0 1 2 6 15 40 97 238 497 722 864 911 921 923 924
1 3 9 31 88 173 268 243 105 34 13 1 0 0 1 2 5 14 45 129 296 554 783 883 916 929 930 930
1 2 8 21 68 157 260 254 122 37 12 3 2 1 1 2 4 12 33 101 255 511 763 883 918 930 933 935
1 2 9 19 64 144 251 258 145 37 9 1 0 0 1 2 4 13 32 94 237 481 733 876 913 922 923 923
1 4 10 26 59 147 257 268 133 38 8 2 0 0 1 2 6 16 40 96 241 491 754 884 921 929 931 931
1 3 9 21 62 140 248 253 153 44 13 1 1 0 1 2 5 14 35 96 234 477 720 870 914 927 928 929
1 3 8 21 64 142 279 283 153 41 8 0 0 0 1 2 5 12 32 94 229 488 750 894 934 942 942 942
1 5 11 25 68 154 269 276 122 45 7 1 0 0 1 2 6 15 37 104 247 503 768 878 923 930 931 931
1 3 10 24 69 159 233 240 126 45 12 6 2 0 1 2 5 15 39 106 261 490 725 847 892 903 909 911
1 3 10 27 73 169 275 242 126 40 5 5 2 0 1 2 4 13 39 106 270 538 776 898 937 941 945 947
1 3 8 21 63 167 293 259 117 28 4 1 0 0 1 2 5 13 33 96 261 550 806 918 946 950 951 951
1 3 10 29 84 189 308 278 136 41 6 1 0 0 1 2 5 15 43 115 286 550 794 909 946 952 953 953
1 2 9 27 80 194 283 278 138 44 16 3 3 1 1 2 4 11 35 107 288 539 774 899 935 951 954 956
1 4 9 28 70 171 300 272 124 26 10 3 1 0 1 2 5 13 39 105 262 538 781 898 923 932 935 936
1 2 7 22 58 135 251 270 143 30 9 3 0 0 1 2 4 11 33 89 224 472 740 882 911 920 923 923
1 3 7 27 65 159 280 261 123 33 10 5 2 0 1 2 5 12 37 101 257 525 782 905 937 946 949 951
1 4 12 33 84 178 253 251 110 25 4 2 0 0 1 2 6 18 49 128 302 549 792 895 920 924 926 926
1 3 11 27 65 162 277 295 137 57 14 5 0 0 1 2 4 15 40 95 237 481 754 872 924 937 942 942
1 4 11 29 78 154 265 238 128 36 8 1 0 0 1 2 6 17 46 123 276 537 767 892 926 934 935 935
1 3 11 22 59 160 274 271 105 35 7 2 0 0 1 2 5 16 38 95 255 527 794 898 932 939 941 941
1 4 11 25 71 157 277 252 131 31 8 0 0 0 1 2 6 16 41 111 262 523 768 894 925 933 933 933
1 3 9 24 63 144 272 272 142 48 8 2 1 0 1 2 5 13 36 95 228 482 736 874 921 929 931 932
1 4 11 21 56 151 274 269 122 26 5 1 0 0 1 2 6 17 38 94 244 512 778 899 924 929 930 930
1 4 6 21 70 166 257 232 124 49 14 2 0 0 1 2 6 12 33 102 264 518 745 868 915 929 931 931
1 3 10 28 81 178 275 261 143 55 17 7 1 1 1 2 5 13 38 112 270 520 750 877 928 943 950 950
1 3 8 21 68 168 283 252 121 26 9 1 0 0 1 2 5 13 34 100 262 541 784 904 929 938 939 939
1 3 6 21 66 158 291 275 123 31 7 1 0 0 1 2 5 11 32 96 249 530 798 918 949 956 957 957
1 3 10 36 92 180 284 277 141 46 11 2 2 0 1 2 4 11 43 128 281 518 759 884 926 936 937 939
1 4 8 24 67 163 288 266 105 35 7 0 0 0 1 2 6 14 38 102 264 550 810 914 949 956 956 956
1 3 10 29 73 146 251 246 113 47 9 1 0 0 1 2 5 15 44 117 261 506 752 864 910 919 920 920
1 4 9 23 53 140 248 287 141 43 10 3 1 2 1 2 6 15 38 91 230 469 747 884 926 934 937 938
1 2 7 21 59 139 261 286 132 38 12 3 1 0 1 2 4 11 31 87 223 474 753 883 918 930 933 934
1 4 11 26 66 144 248 253 142 40 10 2 1 0 1 2 6 17 43 109 251 497 748 888 927 937 939 940
1 3 9 31 77 169 273 242 121 50 6 1 1 0 1 2 5 14 44 115 275 537 762 872 920 925 925 926
1 2 9 22 74 153 246 235 119 46 21 5 1 1 1 2 4 13 35 108 261 505 740 857 902 923 928 929
1 3 9 29 73 157 251 237 127 33 7 2 0 0 1 2 5 14 43 116 268 516 747 871 904 911 913 913
1 3 10 23 70 155 249 256 138 23 5 0 0 0 1 2 5 15 38 108 262 510 765 903 926 931 931 931
1 2 8 29 70 167 284 250 103 29 2 1 1 0 1 2 4 12 41 108 273 550 791 893 922 924 925 926
1 2 9 31 76 160 276 271 134 37 9 1 0 0 1 2 3 12 43 117 267 524 777 904 940 949 950 950
1 4 11 32 82 164 269 284 157 61 14 7 1 0 1 2 4 15 44 115 262 499 751 885 941 952 958 959
1 4 11 23 73 150 268 289 158 57 16 4 2 1 1 2 5 16 36 101 233 477 734 874 926 942 945 947
1 4 11 28 66 155 281 263 137 33 9 8 0 0 1 2 6 17 44 108 255 513 757 889 921 928 936 936
1 4 12 28 67 166 269 257 129 32 5 0 0 0 1 2 6 18 45 110 272 532 772 900 931 936 936 936
1 4 8 23 72 161 300 284 134 41 9 4 0 0 1 2 6 14 36 103 247 516 773 892 930 939 943 943
1 2 7 26 64 154 250 237 119 41 18 5 1 1 1 2 4 11 37 100 251 499 732 851 890 908 913 914
1 2 8 27 74 163 277 277 152 52 23 4 1 1 1 2 3 11 33 98 240 482 731 861 906 927 930 931
1 3 9 28 65 162 272 254 155 54 14 1 0 0 1 2 5 13 38 97 255 505 735 878 928 941 942 942
1 3 9 31 62 146 256 237 134 41 9 0 0 0 1 2 5 14 45 106 249 501 733 865 906 915 915 915
1 3 9 22 63 129 244 274 142 44 15 5 1 0 1 2 5 14 34 96 225 466 734 875 918 933 938 939
1 3 15 30 65 158 285 241 112 33 10 1 0 0 1 2 5 20 49 112 269 550 787 898 931 941 942 942
1 3 10 27 76 175 277 269 109 27 5 0 0 0 1 2 5 13 39 113 278 543 797 905 930 935 935 935
1 3 9 21 83 187 280 240 130 38 5 0 0 0 1 2 5 14 34 113 293 564 787 909 947 952 952 952
1 2 5 26 63 149 252 266 132 58 23 5 2 0 1 2 4 8 34 93 234 479 733 857 912 934 939 941
1 3 9 26 73 151 243 258 139 44 10 2 1 0 1 2 5 13 39 111 252 480 723 855 896 906 908 909
1 2 9 23 69 142 265 252 122 34 5 0 0 0 1 2 4 13 36 105 244 507 759 881 915 920 920 920
1 3 10 26 65 151 287 262 111 23 4 2 0 0 1 2 4 14 40 104 254 534 791 901 924 928 930 930
1 3 7 16 54 157 281 281 125 30 6 1 0 0 1 2 5 12 28 81 237 515 793 917 947 953 954 954
1 3 8 23 63 160 273 269 106 31 15 2 1 1 1 2 5 13 36 99 258 530 798 902 931 946 948 949
1 2 7 20 65 156 285 282 120 32 9 2 1 0 1 2 4 11 31 94 247 515 790 905 934 943 945 946
1 2 8 28 71 166 287 250 112 24 5 0 0 0 1 2 4 11 39 107 269 547 792 901 924 929 929 929
1 4 8 30 73 165 257 261 120 25 1 0 0 0 1 2 6 14 44 117 280 532 790 910 935 936 936 936
1 2 7 24 69 162 267 263 105 31 6 1 0 0 1 2 4 10 34 103 260 525 787 891 922 928 929 929
1 3 7 26 63 160 281 294 130 29 7 0 0 0 1 2 5 12 36 96 252 520 796 923 951 958 958 958
1 2 6 21 69 165 290 279 156 40 9 2 0 0 1 2 4 10 30 94 247 509 758 900 936 943 945 945
1 2 8 26 82 196 278 268 144 42 16 4 1 1 1 2 4 11 32 103 281 530 758 886 922 936 940 940
1 2 8 24 64 154 266 288 116 24 5 1 0 0 1 2 4 12 36 100 254 518 806 922 946 951 952 952
1 3 9 18 57 135 261 292 129 39 12 3 0 0 1 2 5 14 32 89 223 476 764 893 931 943 946 946
1 2 6 20 55 149 258 262 124 46 8 1 0 0 1 2 4 10 30 84 233 488 746 869 915 923 924 924
1 4 11 35 75 170 250 230 112 39 8 3 0 0 1 2 6 17 52 127 296 544 772 883 922 930 933 933
1 4 12 25 60 147 264 255 153 46 15 6 2 0 1 2 6 18 43 96 233 481 716 856 897 910 916 918
1 3 9 27 67 165 260 226 118 33 6 2 1 0 1 2 5 14 41 105 266 525 748 863 896 902 904 905
1 2 6 26 62 134 247 268 139 41 14 3 0 0 1 2 4 10 36 97 229 472 735 874 914 928 931 931
1 4 8 24 65 155 253 264 135 40 14 3 1 1 1 2 6 14 38 102 253 501 759 893 931 945 948 949
1 3 9 31 81 163 235 239 119 40 11 0 0 0 1 2 5 14 43 123 280 507 738 851 890 901 901 901
1 3 14 34 79 161 288 249 116 34 7 1 0 0 1 2 5 17 49 123 271 538 777 888 917 924 925 925
1 2 7 30 74 157 246 251 135 39 8 1 0 0 1 2 4 11 40 113 266 505 750 881 919 927 928 928
1 3 12 33 73 166 259 245 121 45 11 3 0 0 1 2 4 16 47 118 276 526 760 874 919 929 932 932
1 2 7 27 73 147 251 251 147 43 12 2 0 0 1 2 4 11 38 110 256 502 748 893 936 947 949 949
1 3 8 18 54 151 246 247 147 39 10 3 2 1 1 2 5 13 30 84 235 474 715 862 901 911 914 916
1 3 9 21 50 131 266 264 161 40 7 2 0 0 1 2 5 14 35 85 214 477 739 899 939 946 948 948
1 4 11 27 78 171 299 296 150 37 16 3 1 0 1 2 4 14 39 109 259 513 768 900 928 944 947 948
1 3 11 32 66 154 277 258 123 28 3 0 0 0 1 2 5 14 44 109 259 522 773 894 922 925 925 925
1 2 6 25 60 147 252 267 125 39 11 4 2 0 1 2 4 10 35 95 241 487 750 873 912 922 926 928
1 4 9 19 56 142 283 275 133 35 7 1 1 1 1 2 6 15 34 89 225 502 766 893 928 935 936 937
1 4 10 24 67 155 260 257 126 33 7 2 0 0 1 2 6 15 39 106 256 507 755 878 911 917 919 919
1 2 5 20 59 149 260 269 123 44 6 1 0 0 1 2 4 9 29 88 236 494 761 884 928 933 934 934
1 3 11 29 79 180 320 274 125 42 11 1 0 0 1 2 5 15 36 107 262 541 781 892 930 940 941 941
1 2 8 25 69 162 261 291 163 56 12 4 1 0 1 2 4 11 33 94 242 471 736 882 933 944 948 949
1 2 11 19 56 133 267 276 140 37 7 5 1 0 1 2 4 15 34 90 220 485 759 899 936 942 947 948
1 2 7 22 72 170 298 276 113 40 13 3 0 0 1 2 4 10 30 99 260 535 798 901 940 952 955 955
1 4 8 28 74 152 275 282 135 25 7 1 0 0 1 2 6 14 40 109 247 508 776 906 928 935 936 936
1 2 7 22 69 159 246 244 139 53 9 5 1 0 1 2 4 11 32 101 256 499 733 867 919 926 931 932
1 3 9 27 63 137 288 272 116 26 4 0 0 0 1 2 5 14 40 102 238 523 792 905 930 934 934 934
1 3 9 28 64 153 268 263 122 46 17 4 0 0 1 2 5 12 38 95 236 486 743 857 900 916 920 920
1 2 6 22 59 168 285 260 112 26 7 0 0 0 1 2 4 10 32 91 258 539 796 907 933 940 940 940
1 4 11 30 73 165 264 254 119 24 3 2 0 0 1 2 6 16 45 118 277 538 787 904 928 931 933 933
1 3 12 27 81 150 226 235 132 44 13 2 0 0 1 2 5 16 43 121 269 494 728 856 899 912 914 914
1 4 11 26 71 170 270 248 121 42 6 3 0 0 1 2 6 17 41 110 278 536 776 891 933 939 942 942
1 2 8 18 69 160 288 257 111 33 5 2 0 0 1 2 4 12 30 98 253 538 793 901 934 938 940 940
1 4 8 27 67 165 273 247 116 31 3 0 0 0 1 2 6 14 41 107 271 543 785 901 932 935 935 935
1 2 10 31 90 185 276 252 124 31 8 3 1 2 1 2 4 13 41 126 299 546 784 901 931 939 942 943
1 3 10 33 77 163 292 267 137 53 18 8 1 1 1 2 5 15 46 115 255 521 759 879 925 940 948 949
1 3 10 26 80 176 302 293 151 55 18 4 2 0 1 2 4 13 38 108 251 499 751 881 927 944 947 949
1 3 8 29 74 165 266 238 118 32 10 4 2 0 1 2 5 13 39 108 271 527 756 869 900 909 913 915
1 2 8 22 55 150 265 254 133 38 8 2 0 0 1 2 4 12 33 88 238 503 754 887 924 932 934 934
1 3 5 21 64 164 256 241 134 57 16 3 1 0 1 2 4 9 26 87 246 491 718 845 899 914 917 918
1 3 8 27 71 185 301 292 145 48 12 1 0 0 1 2 5 12 36 103 269 534 785 904 949 961 962 962
1 3 8 25 59 134 271 282 144 49 11 3 1 0 1 2 5 13 37 94 222 483 751 890 938 947 949 950
1 3 7 23 69 162 298 280 126 27 5 0 0 0 1 2 5 12 34 101 257 542 797 918 944 949 949 949
1 3 7 29 72 170 287 247 114 26 9 0 0 0 1 2 5 12 41 112 278 562 807 919 945 954 954 954
1 2 8 18 57 145 262 261 133 40 12 3 1 0 1 2 4 12 29 86 228 485 742 871 911 923 926 927
1 4 11 26 71 157 277 289 148 41 7 4 1 2 1 2 6 16 39 105 247 497 757 892 930 936 940 941
1 4 11 29 75 163 271 252 119 38 6 2 0 0 1 2 6 16 45 118 278 538 781 896 933 939 941 941
1 3 8 22 56 149 286 277 139 28 3 1 0 0 1 2 5 12 33 87 230 508 775 911 939 942 943 943
1 5 10 22 72 155 272 283 139 44 11 4 1 0 1 2 7 17 38 103 249 500 765 899 940 950 954 955
1 2 12 28 74 183 283 245 108 34 6 3 0 0 1 2 4 15 41 113 290 563 793 896 928 933 936 936
1 3 8 24 65 153 234 239 139 38 9 4 0 0 1 2 5 13 37 100 252 485 724 862 900 909 913 913
1 4 9 23 62 128 261 278 141 36 12 2 0 0 1 2 6 15 35 96 222 478 748 887 923 934 936 936
1 3 11 31 75 152 230 242 140 46 14 2 1 0 1 2 5 16 47 121 272 499 738 873 918 932 934 935
1 3 9 27 61 156 292 291 131 39 8 1 0 0 1 2 4 13 37 95 244 522 797 914 950 958 959 959
1 4 11 29 60 126 251 270 135 40 14 3 2 0 1 2 6 17 45 104 228 476 738 870 910 924 927 929
1 3 13 29 67 143 228 258 135 52 16 4 0 0 1 2 5 18 47 114 255 477 730 860 912 928 932 932
1 3 11 29 74 156 241 252 127 38 11 2 0 0 1 2 5 16 44 118 273 509 755 879 916 927 929 929
1 3 9 26 77 181 302 295 132 39 9 1 0 0 1 2 4 12 33 98 257 532 791 908 941 949 950 950
1 3 8 24 63 150 273 270 119 36 9 1 0 0 1 2 5 13 37 100 249 519 784 900 936 945 946 946
1 4 13 26 68 170 282 229 119 37 13 2 0 0 1 2 6 19 45 113 277 552 778 893 928 941 943 943
1 3 8 22 67 162 286 260 101 35 12 4 0 0 1 2 5 13 35 100 259 537 788 883 915 925 929 929
1 4 12 25 67 189 301 278 116 29 10 4 1 0 1 2 5 14 36 99 275 550 799 906 934 944 948 949
1 3 9 31 71 170 268 260 123 38 9 0 0 0 1 2 4 13 40 106 264 525 768 884 919 928 928 928
1 4 6 19 63 159 286 244 115 36 7 2 2 1 1 2 6 12 31 94 248 529 765 877 913 920 922 924
1 3 9 35 70 172 297 263 112 40 9 3 1 1 1 2 5 14 48 116 271 548 789 890 927 935 938 939
1 3 12 34 80 181 297 286 139 61 21 3 0 0 1 2 4 15 43 108 261 517 760 871 922 943 946 946
1 2 9 28 80 178 296 255 114 36 9 2 0 0 1 2 4 11 37 109 269 547 783 891 920 929 931 931
1 3 7 25 61 137 255 257 124 43 10 1 0 0 1 2 5 12 37 98 235 489 744 866 908 918 919 919
1 4 7 22 56 143 255 277 146 48 7 2 0 0 1 2 6 12 34 88 229 477 745 884 931 938 940 940
1 2 5 20 66 149 272 249 139 42 6 2 0 0 1 2 4 9 29 93 241 512 758 896 938 944 946 946
1 4 10 31 78 154 236 264 149 44 10 2 0 0 1 2 6 16 46 118 261 481 727 865 907 917 919 919
1 3 10 28 69 179 310 292 152 52 18 2 0 0 1 2 5 15 42 100 248 515 768 894 935 953 955 955
1 3 12 39 87 174 267 250 129 35 8 3 0 0 1 2 4 15 53 133 300 547 779 899 931 938 941 941
1 2 9 28 79 169 257 237 118 27 8 1 0 0 1 2 4 13 41 118 284 538 772 890 917 925 926 926
1 3 7 25 67 155 254 258 125 42 10 2 1 0 1 2 5 12 36 102 255 499 752 871 912 921 923 924
1 3 7 23 62 146 271 265 132 25 7 0 0 0 1 2 5 12 34 95 238 505 767 895 919 926 926 926
1 3 6 22 64 136 247 265 129 47 8 2 0 0 1 2 5 11 33 96 231 476 738 864 910 918 920 920
1 4 11 25 68 139 243 258 145 51 19 6 3 1 1 2 6 17 40 107 238 467 722 862 910 928 934 937
1 4 14 30 76 164 253 234 118 41 8 1 0 0 1 2 6 18 48 124 282 530 760 874 915 923 924 924
1 3 8 27 63 149 286 293 135 36 7 1 1 0 1 2 5 11 37 99 238 508 786 911 945 952 953 954
1 4 7 27 66 150 252 255 130 55 11 2 1 0 1 2 6 12 38 101 243 488 738 864 914 924 926 927
1 3 9 30 71 152 233 237 137 48 13 3 0 0 1 2 5 13 41 111 258 486 712 844 891 904 907 907
1 2 8 20 64 155 261 279 123 21 3 0 0 0 1 2 4 12 32 95 248 508 785 908 929 932 932 932
1 3 9 27 65 158 289 265 133 38 7 3 0 0 1 2 5 13 38 95 243 514 762 883 919 925 928 928
1 3 9 28 67 140 258 254 135 36 9 4 2 0 1 2 5 14 42 108 247 501 750 882 917 925 929 931
1 2 8 26 61 152 272 244 130 40 12 3 2 1 1 2 4 12 38 97 243 509 744 872 910 922 924 926
1 2 9 26 62 140 249 256 133 47 13 6 1 0 1 2 4 13 38 99 237 481 734 863 909 922 928 929
1 2 7 21 56 147 267 290 121 42 7 0 0 0 1 2 4 11 32 86 232 496 782 902 943 950 950 950
1 3 9 26 75 170 291 272 117 37 11 3 0 0 1 2 5 14 37 108 263 527 785 894 929 940 943 943
1 3 8 20 50 141 263 272 133 25 6 1 0 0 1 2 5 13 33 83 224 486 755 888 913 919 920 920
1 4 12 24 60 151 258 264 117 25 7 3 0 0 1 2 6 18 42 102 251 509 771 888 913 920 923 923
1 3 12 31 68 150 266 270 135 31 5 1 0 0 1 2 5 17 47 114 260 516 776 906 935 940 941 941
1 3 11 39 94 201 260 245 132 36 10 3 1 1 1 2 5 14 50 134 321 554 769 887 919 929 932 932
1 3 13 32 71 140 254 233 145 48 11 3 1 0 1 2 5 17 49 119 250 498 721 862 908 919 922 923
1 2 8 20 60 150 276 284 142 43 15 5 1 1 1 2 4 12 30 86 232 488 755 893 931 945 950 950
1 3 9 28 67 159 244 240 129 43 10 4 0 0 1 2 5 14 41 108 264 503 738 864 907 917 921 921
1 4 11 26 65 141 268 280 149 42 12 5 2 1 1 2 5 14 39 98 228 480 739 873 913 923 927 929
1 3 9 30 87 177 258 225 108 38 9 3 0 0 1 2 5 14 44 126 295 543 763 867 904 913 916 916
1 2 6 21 71 166 287 256 114 31 4 1 0 0 1 2 4 9 30 101 263 544 793 901 932 936 937 937
1 4 12 29 56 134 246 267 142 54 13 3 0 0 1 2 6 18 45 101 233 477 742 883 936 949 952 952
1 4 14 36 80 175 274 249 124 35 3 1 1 0 1 2 6 20 53 128 286 546 781 895 929 931 932 933
1 3 8 27 75 153 264 270 101 25 6 3 0 0 1 2 5 12 38 113 264 520 784 883 908 914 917 917
1 2 8 21 65 140 259 266 118 36 10 4 3 0 1 2 4 12 32 97 236 493 754 869 905 915 919 922
1 3 11 24 60 154 259 285 147 49 6 1 0 0 1 2 4 15 38 94 246 487 752 892 940 945 946 946
1 3 11 26 63 155 283 262 103 31 4 0 0 0 1 2 5 15 39 100 251 528 782 885 915 919 919 919
1 4 10 28 74 148 249 259 132 35 11 0 0 0 1 2 6 16 44 117 261 501 754 881 915 926 926 926
1 3 11 26 75 155 252 232 131 48 20 2 0 0 1 2 5 15 41 114 264 505 730 860 905 925 927 927
1 3 10 27 77 172 284 246 117 28 7 2 1 0 1 2 5 14 40 114 284 558 793 903 928 934 936 937
1 3 9 29 76 177 290 282 140 38 10 0 0 0 1 2 4 10 39 105 264 521 767 893 925 935 935 935
1 3 13 29 82 157 238 232 130 47 11 3 1 0 1 2 5 17 46 126 281 510 736 864 909 920 923 924
1 4 11 30 80 162 234 253 123 31 4 1 0 0 1 2 6 17 46 126 285 512 762 884 914 918 919 919
1 3 9 30 75 174 299 264 112 37 8 3 1 1 1 2 4 13 43 113 276 551 791 894 930 936 939 939
1 3 10 28 76 176 294 246 118 32 5 0 0 0 1 2 5 15 43 115 288 573 805 916 948 953 953 953
1 3 8 30 72 153 245 240 136 37 9 1 0 0 1 2 5 13 42 111 264 501 735 868 905 914 915 915
1 3 7 25 69 154 269 262 120 24 7 3 0 0 1 2 5 12 36 105 257 524 782 899 923 930 933 933
1 3 8 23 61 162 294 264 106 28 6 0 0 0 1 2 5 13 36 97 259 551 811 915 942 948 948 948
1 4 13 32 83 187 300 282 144 50 12 4 1 0 1 2 5 18 45 124 289 552 784 902 944 954 958 959
1 4 12 28 76 138 231 256 137 37 9 2 1 0 1 2 6 18 46 122 260 491 743 878 914 923 925 926
1 4 8 25 73 174 276 243 106 27 6 2 1 0 1 2 6 14 39 111 283 557 796 901 928 934 936 937
1 4 11 31 80 179 289 286 167 51 13 3 1 0 1 2 6 16 44 108 274 520 760 902 948 960 962 963
1 3 9 23 62 142 255 278 132 30 9 1 0 0 1 2 4 13 36 98 236 485 754 884 913 922 923 923
1 3 7 21 67 158 269 255 120 22 6 1 0 0 1 2 5 12 33 100 258 524 777 896 918 924 925 925
1 4 11 27 63 149 265 292 150 55 12 3 0 0 1 2 6 16 43 105 239 474 742 880 927 938 941 941
1 4 10 26 67 147 242 264 148 37 8 0 0 0 1 2 6 16 41 108 253 489 743 889 926 934 934 934
1 2 8 22 65 164 275 272 119 33 6 1 0 0 1 2 4 12 34 97 253 521 784 902 934 940 941 941
1 3 9 27 72 178 304 275 116 35 7 2 1 0 1 2 4 13 39 105 272 558 810 917 949 956 957 958
1 3 9 20 51 145 287 282 131 26 3 1 0 0 1 2 5 14 34 84 226 504 782 911 937 940 941 941
1 3 11 29 81 180 270 237 121 34 13 3 1 0 1 2 4 15 44 119 290 541 763 878 910 922 925 926
1 3 9 30 78 167 241 257 149 70 23 7 1 0 1 2 5 13 39 112 267 485 711 839 896 917 924 925
1 3 8 21 72 159 255 260 123 35 9 3 1 0 1 2 5 13 34 103 262 509 763 882 916 925 928 929
1 4 9 20 66 174 289 263 118 31 12 3 0 0 1 2 5 14 34 94 259 535 788 901 927 938 941 941
1 4 10 22 58 145 256 268 154 39 9 1 1 0 1 2 5 15 36 92 233 478 736 885 922 931 932 933
1 3 12 32 76 190 296 270 119 48 13 4 0 0 1 2 3 14 42 106 277 539 786 886 930 941 945 945
1 3 9 24 56 155 252 250 113 38 12 3 0 0 1 2 5 14 38 94 249 499 746 858 895 907 910 910
1 3 8 18 62 146 270 272 161 52 17 3 1 1 1 2 5 13 27 85 218 462 715 864 913 929 932 932
1 3 6 22 70 173 279 265 133 41 8 2 0 0 1 2 5 9 30 91 250 507 757 880 921 929 931 931
1 2 6 20 58 162 283 263 116 27 11 4 2 1 1 2 4 10 29 86 241 513 766 879 904 914 918 920
1 3 9 24 64 140 259 253 119 41 4 0 0 0 1 2 5 14 38 102 241 496 748 866 907 911 911 911
1 4 8 22 63 139 261 277 112 33 10 2 0 0 1 2 6 14 36 98 237 497 773 885 917 927 929 929
1 3 12 32 82 157 243 221 137 38 10 0 0 0 1 2 5 17 48 130 285 524 745 882 920 930 930 930
1 3 13 36 78 162 268 247 109 23 3 0 0 0 1 2 5 18 53 130 291 556 801 910 933 936 936 936
1 2 8 27 64 151 252 278 134 34 5 1 1 2 1 2 4 12 39 103 248 494 768 901 935 940 941 942
1 4 10 24 79 183 295 277 122 39 10 2 0 0 1 2 6 14 35 107 271 542 794 905 940 950 952 952
1 3 9 31 84 204 283 243 118 39 10 1 0 0 1 2 5 14 41 114 308 563 784 890 925 935 936 936
1 2 10 29 68 149 245 255 135 35 6 2 1 1 1 2 4 14 43 110 258 502 754 888 923 929 931 932
1 4 10 35 83 157 247 224 122 47 14 1 0 0 1 2 6 15 48 129 285 527 742 860 906 920 921 921
1 4 9 29 66 164 254 228 114 39 11 2 0 0 1 2 6 15 44 109 271 525 752 865 904 915 917 917
1 4 11 31 68 155 256 252 142 41 13 2 1 0 1 2 6 17 48 113 263 511 749 887 927 939 941 942
1 4 11 19 53 139 255 269 137 46 9 2 0 0 1 2 6 17 36 89 227 481 748 884 930 939 941 941
1 3 10 27 65 139 250 277 155 42 9 3 0 0 1 2 5 13 40 97 228 467 725 872 914 922 925 925
1 2 6 26 60 156 288 266 119 29 3 0 0 0 1 2 4 10 36 96 246 528 791 908 937 940 940 940
1 3 11 29 69 162 285 270 111 28 4 0 0 0 1 2 5 16 45 114 272 551 817 924 951 955 955 955
1 3 10 27 69 163 266 275 138 31 8 1 0 0 1 2 4 14 39 104 264 518 779 911 940 948 949 949
1 3 9 29 73 172 257 256 125 42 6 0 0 0 1 2 5 13 39 108 271 512 761 877 919 925 925 925
1 3 8 25 64 156 269 278 138 29 4 1 1 1 1 2 5 13 38 99 250 510 776 909 937 941 942 942
1 2 6 22 66 151 256 263 135 38 4 0 0 0 1 2 4 10 32 98 247 498 759 893 931 935 935 935
1 3 8 25 66 151 292 271 132 34 4 4 0 0 1 2 5 13 37 97 241 520 774 898 931 934 938 938
1 3 8 22 70 173 291 260 114 33 9 4 0 0 1 2 4 12 33 100 268 548 790 899 932 941 945 945
1 2 7 25 55 146 269 282 136 42 16 4 0 0 1 2 4 11 36 85 222 478 749 875 914 930 934 934
1 2 9 24 53 147 275 279 123 40 9 1 0 0 1 2 4 13 36 87 232 496 769 889 927 936 937 937
1 4 12 29 70 149 259 258 151 55 21 2 0 0 1 2 6 17 45 107 243 487 720 861 907 926 928 928
1 4 12 24 59 150 247 251 127 42 10 1 0 0 1 2 6 18 41 98 247 492 740 864 906 916 917 917
1 2 7 28 78 164 268 251 114 32 12 1 0 0 1 2 4 10 35 108 266 527 775 886 916 928 929 929
1 3 9 23 70 157 248 267 165 47 9 2 1 1 1 2 5 14 35 100 247 474 724 882 927 936 937 938
1 3 11 31 66 163 267 280 135 39 7 3 1 0 1 2 5 15 43 107 259 505 768 896 931 937 940 941
1 4 10 23 60 173 280 228 118 26 6 2 0 0 1 2 6 16 38 98 270 549 775 892 918 924 926 926
1 3 8 23 64 159 281 249 113 28 10 4 1 0 1 2 5 13 36 98 256 532 776 885 912 922 926 927
1 4 10 24 74 170 274 239 110 29 7 1 0 0 1 2 6 16 40 113 281 553 791 900 928 935 936 936
1 4 8 22 65 151 252 262 135 47 18 1 0 0 1 2 6 14 35 99 245 489 740 871 914 931 932 932
1 3 9 25 66 176 277 234 107 33 5 0 0 0 1 2 5 14 39 104 277 551 784 889 922 927 927 927
1 4 11 34 72 161 255 245 129 38 8 1 0 0 1 2 6 17 46 116 269 509 739 866 903 911 912 912
1 3 8 28 71 158 282 264 118 20 2 0 0 0 1 2 5 13 41 110 265 542 800 914 934 936 936 936
1 4 13 32 75 165 254 237 119 33 11 3 0 0 1 2 6 18 48 119 281 530 762 877 909 919 922 922
1 4 9 21 66 144 260 269 147 48 20 4 2 0 1 2 6 15 35 96 229 479 733 876 920 938 941 943
1 4 12 30 78 161 278 244 132 48 13 3 0 0 1 2 5 17 46 116 267 529 745 871 915 928 931 931
1 4 10 23 71 147 263 274 129 32 5 1 0 0 1 2 6 16 39 107 251 508 774 900 932 937 938 938
1 3 10 27 66 156 260 238 127 36 10 2 2 0 1 2 5 15 42 104 254 503 733 858 892 902 904 906
1 4 9 32 94 187 276 249 115 30 12 5 0 0 1 2 6 15 45 135 309 559 788 894 921 931 936 936
1 4 11 25 76 172 281 269 113 32 7 2 0 0 1 2 5 16 40 113 275 546 803 912 944 951 953 953
1 5 12 28 65 142 272 263 132 47 8 1 0 0 1 2 7 18 44 108 241 504 758 883 928 936 937 937
1 3 10 32 80 157 275 267 122 35 10 5 5 3 1 2 5 15 44 119 262 516 772 886 916 925 929 934
1 3 7 20 52 155 277 295 143 42 9 0 0 0 1 2 4 10 29 76 223 484 763 900 940 949 949 949
1 3 10 28 71 143 272 241 113 41 11 1 0 0 1 2 5 15 43 114 256 524 763 872 912 923 924 924
1 4 12 31 87 186 278 259 121 47 10 3 1 1 1 2 5 15 42 115 282 530 763 871 914 923 925 925
1 3 11 31 67 141 233 237 145 49 11 4 0 0 1 2 5 16 46 112 252 480 712 855 904 914 918 918
1 4 8 27 78 174 269 222 123 37 7 2 1 0 1 2 6 14 41 119 288 550 761 879 916 923 925 926
1 4 10 23 62 143 253 264 140 51 8 1 1 1 1 2 6 15 37 97 235 482 737 873 923 931 932 933
1 3 8 27 75 153 242 233 129 36 5 1 0 0 1 2 5 13 40 115 268 509 740 869 905 910 911 911
1 2 8 25 75 169 266 266 116 32 7 1 0 0 1 2 4 12 37 111 274 529 792 905 935 942 943 943
1 4 12 28 84 182 294 259 131 31 5 2 2 0 1 2 5 16 40 117 288 564 798 918 947 952 954 956
1 5 13 30 66 160 263 244 138 45 10 1 1 0 1 2 7 19 49 114 269 524 756 889 931 940 941 942
1 4 11 32 85 180 271 288 139 47 9 5 1 0 1 2 6 15 42 110 271 498 750 875 920 928 932 933
1 3 5 20 63 153 281 281 118 26 3 0 0 0 1 2 5 9 29 90 239 516 790 905 931 934 934 934
1 3 9 28 80 165 247 232 119 40 7 1 0 0 1 2 5 14 42 121 285 530 758 877 917 924 925 925
1 4 12 29 71 154 240 246 145 53 18 0 0 0 1 2 5 16 43 112 256 482 715 847 894 912 912 912
1 3 10 26 66 152 265 292 159 58 16 0 0 0 1 2 5 15 38 97 234 473 738 884 939 955 955 955
1 3 9 27 82 168 279 257 138 40 10 1 1 0 1 2 5 13 39 117 276 541 783 911 949 959 959 960
1 4 11 30 85 181 271 240 104 36 6 1 1 0 1 2 6 16 45 125 297 556 788 887 923 929 930 931
1 3 8 29 74 179 271 231 110 48 14 3 1 0 1 2 5 13 40 109 284 537 756 857 900 914 917 918
1 4 13 39 78 168 297 278 140 60 21 4 2 0 1 2 5 16 50 117 265 519 765 877 926 946 948 950
1 2 9 26 66 170 276 268 150 47 13 3 1 0 1 2 4 12 37 97 249 492 734 871 915 928 931 932
1 3 9 26 69 149 245 250 129 43 8 0 0 0 1 2 5 14 40 109 256 496 746 874 917 925 925 925
1 3 11 24 65 163 273 269 115 37 8 4 1 0 1 2 5 15 39 98 257 521 780 889 924 932 936 937
1 4 8 20 59 140 250 256 132 39 9 1 0 0 1 2 6 14 33 92 231 476 731 862 901 910 911 911
1 2 8 24 69 159 258 259 134 47 13 2 0 0 1 2 3 10 32 92 245 491 732 858 899 912 914 914
1 3 9 33 75 175 279 267 101 28 8 2 0 0 1 2 5 14 47 118 287 550 804 896 922 929 931 931
1 3 12 30 92 187 284 267 141 55 15 3 0 0 1 2 4 13 36 117 269 508 738 853 902 916 919 919
1 2 8 21 58 148 264 277 153 45 6 2 0 0 1 2 4 12 31 84 228 480 739 887 931 937 939 939
1 2 7 22 70 168 282 267 120 20 2 0 0 0 1 2 4 10 32 101 266 542 800 917 937 939 939 939
1 2 10 29 80 184 288 267 151 46 14 2 1 0 1 2 3 12 37 108 268 523 762 891 931 944 945 946
1 2 7 28 75 164 267 261 134 50 20 6 4 0 1 2 4 9 37 107 265 515 759 878 922 941 946 950
1 3 11 30 73 157 272 256 104 37 6 2 0 0 1 2 5 15 45 118 273 539 795 894 931 937 939 939
1 4 11 29 75 169 255 238 108 36 15 3 1 0 1 2 6 16 45 119 282 531 761 867 903 918 921 922
1 4 7 23 68 167 252 237 122 39 11 1 1 0 1 2 6 13 35 101 267 517 752 872 911 922 923 924
1 3 6 21 74 173 286 256 107 27 3 0 0 0 1 2 5 11 32 105 275 560 812 917 944 947 947 947
1 2 10 28 80 174 266 242 116 28 8 0 0 0 1 2 4 14 41 120 289 547 778 890 918 926 926 926
1 3 9 33 83 187 290 265 122 32 5 1 0 0 1 2 5 12 43 119 289 555 796 906 936 941 942 942
1 3 10 26 74 163 270 248 122 32 10 3 0 0 1 2 5 15 40 114 271 534 775 896 928 937 940 940
1 4 8 27 58 147 292 279 155 40 8 1 1 0 1 2 6 14 38 93 227 491 740 885 924 932 933 934
1 4 10 28 79 159 284 267 131 35 7 4 1 0 1 2 6 16 44 121 271 539 782 908 940 947 950 951
1 4 11 27 62 155 277 263 107 23 3 1 0 0 1 2 6 17 44 105 259 532 790 897 920 923 924 924
1 3 7 23 59 152 265 273 142 55 18 2 1 0 1 2 5 12 34 92 230 482 735 870 917 933 935 936
1 4 11 27 70 154 273 262 127 34 8 4 0 0 1 2 6 17 42 108 254 516 772 889 921 929 933 933
1 4 9 25 61 155 266 294 131 40 6 0 0 0 1 2 6 15 40 97 247 493 776 895 933 939 939 939
1 2 8 22 61 162 271 257 119 37 8 1 0 0 1 2 4 12 34 95 252 514 765 884 920 928 929 929
1 5 12 26 76 162 272 271 129 40 8 2 0 0 1 2 6 17 40 113 261 511 770 890 929 936 938 938
1 4 10 27 72 177 300 290 144 44 17 3 0 0 1 2 5 13 34 96 250 511 760 884 920 936 939 939
1 5 12 28 78 149 256 263 136 52 21 4 0 0 1 2 7 17 44 117 252 490 738 864 911 930 934 934
1 3 11 34 80 168 302 278 130 36 9 3 1 0 1 2 5 14 42 112 257 530 780 894 925 933 936 937
1 4 13 25 70 144 263 260 113 36 5 1 0 0 1 2 6 19 42 111 254 510 765 876 912 917 918 918
1 2 12 31 77 183 298 290 151 52 11 1 0 0 1 2 4 15 44 108 263 513 764 896 941 951 952 952
1 3 9 31 66 146 264 244 120 34 9 4 0 0 1 2 5 14 45 109 251 511 752 869 902 911 915 915
1 3 9 28 66 164 253 247 123 43 6 0 0 0 1 2 5 14 42 107 268 516 757 877 920 926 926 926
1 3 11 25 73 160 262 238 120 32 12 1 0 0 1 2 5 16 40 111 269 525 753 872 903 914 915 915
1 3 8 24 68 149 260 260 125 33 12 5 0 0 1 2 5 13 37 105 252 511 765 885 918 930 935 935
1 2 11 26 49 145 268 269 151 31 5 1 0 0 1 2 4 14 40 86 228 491 756 903 933 937 938 938
1 4 11 26 68 157 252 225 125 33 16 3 1 0 1 2 6 17 43 111 266 517 741 866 898 913 916 917
1 3 10 23 68 167 272 253 155 38 11 2 0 0 1 2 5 15 37 99 259 510 746 893 928 938 940 940
1 3 9 25 71 159 277 270 138 48 6 1 1 0 1 2 5 13 34 102 256 518 770 898 945 950 951 952
1 3 10 21 57 134 250 265 157 51 13 1 0 0 1 2 5 15 35 92 224 471 728 881 931 944 945 945
1 2 10 25 66 140 261 259 136 32 9 3 0 0 1 2 4 14 39 105 241 500 754 889 921 930 933 933
1 4 9 22 54 136 251 268 157 46 12 3 0 0 1 2 6 15 35 87 222 470 732 885 930 941 944 944
1 3 6 19 63 139 265 280 141 36 8 0 0 0 1 2 5 11 25 86 224 485 759 896 931 939 939 939
1 4 11 28 81 170 240 236 132 38 13 1 0 0 1 2 6 14 40 121 287 516 742 869 904 916 917 917
1 4 6 24 66 144 251 251 138 44 6 0 0 0 1 2 6 11 35 100 239 485 732 864 907 913 913 913
1 4 8 24 57 134 265 269 133 47 5 2 1 0 1 2 6 14 38 94 227 489 753 880 927 932 933 934
1 4 12 32 77 150 251 250 120 41 4 3 0 0 1 2 6 18 50 126 271 505 748 864 904 908 911 911
1 3 11 30 80 160 261 259 140 66 24 11 3 1 1 2 5 14 39 110 254 483 715 838 896 914 923 925
1 3 13 32 69 141 245 252 117 32 10 4 0 0 1 2 5 18 50 117 257 499 749 864 896 906 910 910
1 4 9 29 75 154 259 244 123 33 6 0 0 0 1 2 6 15 44 117 265 521 757 877 910 916 916 916
1 4 12 23 64 157 253 246 143 40 8 1 0 0 1 2 6 18 41 104 260 509 752 894 932 940 941 941
1 5 9 27 74 175 257 263 151 58 17 8 3 0 1 2 7 16 42 108 266 494 725 861 911 928 935 938
1 2 8 26 61 140 245 275 135 35 9 3 0 0 1 2 4 11 37 98 237 477 747 881 915 924 927 927
1 4 10 33 77 175 272 259 111 30 6 0 0 0 1 2 6 14 45 119 287 551 802 909 938 944 944 944
1 3 10 26 56 140 264 274 152 43 11 1 0 0 1 2 5 14 39 91 225 479 742 887 929 939 940 940
1 2 9 28 81 166 257 253 155 52 17 3 1 1 1 2 4 11 36 105 257 489 715 857 906 920 922 923
1 2 9 25 67 138 268 252 121 44 12 2 0 0 1 2 4 13 37 103 237 501 751 869 913 925 927 927
1 4 7 21 61 146 251 268 143 44 6 1 0 0 1 2 6 13 34 92 237 479 738 874 918 924 925 925
1 5 8 25 72 155 261 261 140 51 9 4 2 2 1 2 7 15 40 107 247 493 732 859 908 916 918 920
1 3 10 28 74 177 290 283 119 41 10 1 0 0 1 2 4 12 38 104 263 528 782 891 931 941 942 942
1 4 10 28 75 174 270 256 102 25 9 2 1 0 1 2 6 16 43 117 289 549 802 903 926 935 937 938
1 4 13 30 79 173 300 264 112 38 12 1 0 0 1 2 5 17 43 116 277 551 798 901 936 948 949 949
1 4 12 29 67 160 271 244 113 32 10 0 0 0 1 2 6 17 46 112 270 539 780 892 923 933 933 933
1 2 8 26 69 159 269 272 117 36 13 1 1 0 1 2 4 12 37 104 259 516 781 895 930 943 944 945
1 4 8 24 56 133 244 265 138 42 10 4 2 1 1 2 6 14 38 93 225 467 728 865 907 916 920 922
1 4 10 28 79 191 303 267 116 44 13 4 2 0 1 2 5 13 38 112 283 539 782 885 923 934 937 939
1 4 12 33 85 188 269 255 124 46 11 7 6 0 1 2 5 15 43 116 286 524 758 863 903 911 915 921
1 2 8 25 65 152 260 264 137 61 23 4 2 0 1 2 4 11 35 96 243 488 730 853 904 925 928 930
1 4 12 29 68 164 266 243 126 41 14 5 0 0 1 2 6 18 45 109 269 528 759 882 921 934 939 939
1 3 8 25 66 147 248 256 135 49 9 1 0 0 1 2 5 13 37 101 244 490 746 878 926 935 936 936
1 3 11 24 62 146 246 258 135 27 6 0 0 0 1 2 5 15 39 100 244 489 746 880 906 912 912 912
1 5 15 33 82 169 252 262 139 42 9 3 0 0 1 2 6 20 50 125 281 509 745 873 915 923 926 926
1 3 10 26 69 148 270 268 112 36 9 1 0 0 1 2 5 15 41 109 253 517 783 894 930 939 940 940
1 3 11 25 62 141 264 262 130 44 20 6 1 0 1 2 5 16 39 100 233 484 736 858 896 915 920 921
1 3 15 38 89 177 270 245 126 43 15 4 0 0 1 2 5 18 52 127 293 539 757 868 906 921 925 925
1 3 7 23 63 147 253 250 130 38 11 4 0 0 1 2 5 11 34 97 241 488 732 862 900 911 915 915
1 4 7 27 71 166 282 256 110 28 5 2 0 0 1 2 6 13 40 110 272 549 800 907 935 940 942 942
1 3 9 26 72 163 276 242 125 43 10 2 1 0 1 2 4 12 36 102 256 519 742 862 902 912 913 914
1 4 11 35 78 181 264 276 146 55 22 5 2 1 1 2 5 13 43 107 266 490 734 862 909 927 931 932
1 3 11 30 77 154 243 232 128 35 8 2 0 0 1 2 5 16 46 122 272 512 741 868 903 911 913 913
1 3 7 22 55 136 256 271 144 49 12 3 0 0 1 2 5 11 33 87 219 470 734 873 921 932 935 935
1 2 10 23 69 136 244 245 130 42 14 7 0 0 1 2 4 14 37 106 242 484 728 856 897 911 918 918
1 4 14 24 70 165 251 258 146 49 8 1 0 0 1 2 6 20 42 104 261 498 743 879 926 934 935 935
1 3 9 29 87 172 263 237 110 26 4 0 0 0 1 2 5 14 41 126 298 555 788 897 923 927 927 927
1 3 9 23 67 149 266 254 146 33 9 2 0 0 1 2 5 13 36 102 245 505 754 897 929 937 939 939
1 3 7 23 63 149 268 274 118 34 9 2 0 0 1 2 5 12 35 98 246 510 783 899 933 942 944 944
1 3 8 19 63 169 292 281 130 37 4 0 0 0 1 2 5 13 31 89 247 518 785 906 942 946 946 946
1 4 14 34 86 165 251 236 132 34 11 1 0 0 1 2 6 19 50 135 291 529 746 873 906 917 918 918
1 3 12 31 76 175 272 237 133 47 12 3 1 0 1 2 4 15 46 114 280 541 755 875 920 932 935 936
1 3 11 31 71 152 271 247 109 35 8 3 0 0 1 2 5 16 47 116 264 531 775 880 914 922 925 925
1 3 8 23 62 153 292 256 108 30 7 0 0 0 1 2 5 13 35 97 248 538 790 896 926 933 933 933
1 3 6 20 57 144 280 285 120 29 6 1 0 0 1 2 5 11 31 88 230 507 790 908 937 943 944 944
1 4 9 31 77 156 250 258 110 34 10 1 0 0 1 2 6 15 46 120 274 519 771 880 914 923 924 924
1 3 8 21 60 163 290 268 126 38 9 2 0 0 1 2 5 13 34 94 254 535 791 913 950 959 961 961
1 5 13 33 77 182 304 254 127 48 15 4 2 1 1 2 4 16 45 108 262 530 754 871 914 929 933 934
1 2 8 29 70 150 269 269 130 44 7 2 0 0 1 2 4 12 39 105 245 498 758 885 927 933 935 935
1 4 10 29 82 165 252 231 125 26 6 1 1 0 1 2 6 16 44 125 288 534 757 880 906 912 913 914
1 4 14 35 78 169 248 236 131 43 14 4 1 1 1 2 6 20 54 130 294 528 752 879 922 936 939 940
1 3 12 30 78 152 238 243 126 46 17 2 0 0 1 2 5 17 47 125 274 506 748 873 917 934 936 936
1 3 8 20 54 142 267 258 155 41 7 1 0 0 1 2 5 13 33 87 225 485 738 889 930 937 938 938
1 5 9 24 71 175 274 238 121 38 12 0 0 0 1 2 5 13 36 105 270 534 761 877 915 927 927 927
1 3 12 34 84 163 258 240 110 35 6 2 1 0 1 2 5 17 50 134 294 549 784 892 926 932 933 934
1 3 10 23 60 148 264 246 134 32 4 0 0 0 1 2 5 15 38 96 242 504 748 881 913 917 917 917
1 4 13 33 77 165 266 266 124 31 10 4 3 0 1 2 6 19 51 126 282 535 792 911 941 951 955 958
1 3 11 30 74 164 288 249 111 34 7 1 0 0 1 2 5 16 44 113 264 544 781 884 918 925 926 926
1 3 9 21 63 155 274 289 117 20 0 0 0 0 1 2 5 14 35 98 252 522 811 927 947 947 947 947
1 2 10 25 66 167 284 253 126 45 9 3 1 0 1 2 4 14 39 100 257 519 758 880 922 930 932 933
1 3 11 23 66 170 275 246 118 28 5 0 0 0 1 2 5 16 39 105 275 545 788 906 934 939 939 939
1 2 8 26 59 149 288 261 134 28 8 2 0 0 1 2 4 12 36 93 238 519 773 904 929 937 939 939
1 3 9 20 61 142 281 261 135 38 11 2 0 0 1 2 5 14 34 92 230 505 757 888 924 935 937 937
1 5 10 27 64 149 257 267 134 48 10 0 0 0 1 2 7 16 43 101 242 486 747 871 919 929 929 929
1 3 7 22 68 157 288 283 152 43 11 6 0 0 1 2 5 12 28 94 230 485 737 879 919 928 934 934
1 2 8 28 75 175 279 265 111 34 7 0 0 0 1 2 4 11 37 112 277 537 788 891 922 929 929 929
1 2 8 20 56 143 276 274 120 33 12 0 0 0 1 2 4 12 31 86 226 501 772 892 925 937 937 937
1 4 10 25 69 165 262 258 112 28 2 0 0 0 1 2 6 16 41 109 272 530 786 897 925 927 927 927
1 3 8 28 73 175 257 265 116 31 6 2 1 1 1 2 5 13 41 113 279 531 791 906 936 942 944 945
1 2 8 27 74 162 246 251 125 37 6 1 0 0 1 2 4 12 38 111 272 512 760 884 921 927 928 928
1 4 7 23 66 141 252 268 145 34 9 3 0 0 1 2 6 13 36 102 242 488 751 894 927 936 939 939
1 4 10 28 65 160 256 251 116 31 8 2 0 0 1 2 6 16 44 108 267 520 771 885 916 924 926 926
1 2 9 27 65 154 252 259 145 37 8 3 0 0 1 2 4 13 39 101 250 486 736 877 914 922 925 925
1 3 6 20 66 180 282 274 132 30 3 1 0 0 1 2 5 9 28 91 270 544 801 926 954 957 958 958
1 3 7 19 55 152 267 293 145 25 4 0 0 0 1 2 5 12 29 80 225 477 757 902 926 930 930 930
1 4 9 24 66 141 255 247 129 45 7 2 1 0 1 2 6 15 39 105 245 496 738 863 908 915 917 918
1 3 9 20 64 174 286 281 150 37 8 1 0 0 1 2 5 12 32 91 250 511 771 910 942 949 950 950
1 3 9 32 73 163 263 242 98 35 13 4 0 0 1 2 5 14 45 116 276 535 774 872 907 919 923 923
1 3 10 29 71 166 306 291 134 40 5 1 2 0 1 2 5 15 42 104 247 515 776 890 929 934 935 937
1 3 9 30 69 136 238 264 147 39 8 1 0 0 1 2 5 14 43 111 242 469 726 870 909 917 918 918
1 3 15 35 73 163 265 240 110 36 6 5 3 0 1 2 5 19 54 127 288 552 788 896 932 938 943 946
1 4 10 27 73 164 281 273 130 40 5 2 1 0 1 2 5 15 40 110 259 520 779 897 935 939 941 942
1 2 8 29 83 160 252 233 143 41 9 2 1 0 1 2 4 12 41 124 274 517 736 872 911 920 922 923
1 3 14 33 70 160 278 263 110 24 6 1 1 0 1 2 5 19 51 120 275 542 795 900 924 929 930 931
1 3 8 28 83 195 271 267 128 31 6 2 1 0 1 2 5 13 37 118 300 553 796 915 945 951 953 954
1 4 14 32 85 174 292 252 115 35 8 3 1 0 1 2 6 18 46 123 278 550 786 892 924 932 935 936
1 3 5 21 74 169 271 249 113 26 9 1 0 0 1 2 5 10 30 103 271 539 787 900 924 933 934 934
1 2 12 33 78 145 238 256 112 33 12 2 1 0 1 2 4 16 49 127 271 507 762 874 907 919 920 921
1 2 9 31 68 153 245 235 132 47 26 4 0 0 1 2 4 13 44 109 259 493 718 848 893 919 923 923
1 5 11 23 79 163 249 250 142 53 11 2 1 1 1 2 7 18 39 114 268 502 734 864 914 923 925 925
1 3 14 31 70 161 276 236 108 29 7 0 0 0 1 2 5 19 49 119 278 552 785 893 922 929 929 929
1 3 6 27 72 161 271 272 125 34 6 0 0 0 1 2 5 11 36 108 263 525 792 916 950 956 956 956
1 3 9 26 80 174 291 261 115 25 4 3 1 0 1 2 5 13 39 115 275 550 796 905 929 932 935 936
1 3 9 31 81 177 302 259 120 39 12 2 0 0 1 2 4 13 40 112 275 549 783 892 925 936 938 938
1 4 12 29 71 145 240 251 122 42 13 1 1 0 1 2 6 18 47 118 262 494 743 863 904 917 918 919
1 3 11 37 82 169 262 246 106 36 10 1 0 0 1 2 5 16 50 130 296 545 787 887 921 931 932 932
1 3 10 23 60 139 255 286 153 27 8 2 0 0 1 2 5 15 37 94 231 481 750 899 925 932 934 934
1 3 11 22 59 147 249 257 137 46 10 2 0 0 1 2 5 16 38 97 243 489 743 878 924 934 936 936
1 3 10 22 52 140 260 288 124 35 5 1 0 0 1 2 5 15 37 88 226 486 771 895 930 935 936 936
1 2 12 31 72 161 276 278 125 42 13 6 0 0 1 2 4 15 42 109 254 504 763 876 911 922 928 928
1 3 9 26 61 152 302 283 141 59 17 4 1 0 1 2 5 13 34 91 226 500 758 880 936 951 955 956
1 3 9 24 68 151 267 266 114 41 12 3 0 0 1 2 5 14 38 106 253 507 767 877 918 930 933 933
1 4 11 26 59 142 260 270 123 38 10 2 0 0 1 2 6 17 42 100 242 497 766 888 926 936 938 938
1 3 11 30 79 170 286 269 125 27 9 3 0 0 1 2 5 15 44 117 275 546 790 911 937 945 948 948
1 4 12 29 68 165 248 257 137 37 8 1 2 0 1 2 6 18 47 111 268 507 752 883 919 927 928 930
1 3 11 26 64 160 257 244 107 31 6 3 1 0 1 2 5 16 41 104 259 511 753 858 889 895 898 899
1 3 7 22 57 146 261 272 158 46 17 2 0 0 1 2 5 11 33 88 227 477 727 879 921 938 940 940
1 3 9 30 67 156 270 263 116 37 17 7 0 0 1 2 5 14 44 109 261 522 771 880 916 933 940 940
1 4 8 22 63 140 260 260 123 48 12 5 1 0 1 2 6 14 36 98 236 492 747 869 916 927 932 933
1 3 8 27 67 174 269 225 127 39 9 1 1 0 1 2 5 13 40 104 268 529 748 871 909 918 919 920
1 3 14 31 71 153 254 267 127 34 7 2 0 0 1 2 5 19 50 117 265 506 765 888 921 927 929 929
1 4 7 25 67 158 275 253 117 34 9 1 0 0 1 2 6 13 36 101 258 528 776 893 926 935 936 936
1 4 6 19 61 151 276 281 156 41 4 1 0 0 1 2 6 12 31 89 229 496 761 909 949 953 954 954
1 3 10 27 60 137 254 253 134 42 10 0 0 0 1 2 5 15 42 102 236 484 730 863 905 915 915 915
1 4 12 30 81 166 238 243 139 48 19 2 0 0 1 2 6 18 45 125 279 502 721 855 899 917 919 919
1 5 15 34 82 166 273 279 145 42 6 1 1 0 1 2 5 18 47 126 273 520 772 900 941 946 946 947
1 4 8 20 61 137 234 279 145 47 12 3 0 0 1 2 6 14 34 95 232 462 740 883 929 940 943 943
1 3 9 23 55 138 274 281 156 43 8 4 0 0 1 2 5 13 35 87 216 472 737 886 927 935 939 939
1 4 10 29 65 163 279 300 160 54 17 4 0 0 1 2 6 15 40 100 239 484 744 887 930 946 950 950
1 4 11 29 70 152 274 269 127 44 18 1 0 0 1 2 6 15 43 110 251 506 759 875 916 934 935 935
1 3 7 23 64 142 267 286 155 43 13 5 3 0 1 2 5 12 35 96 227 474 742 890 931 943 948 951
1 3 10 28 67 145 259 261 128 38 12 2 1 0 1 2 5 15 43 109 246 493 744 867 904 915 917 918
1 3 8 23 62 151 251 256 144 45 11 1 0 0 1 2 5 13 36 95 239 476 725 863 905 916 917 917
1 2 8 21 52 142 268 264 121 33 13 2 0 0 1 2 4 12 32 83 224 491 752 873 906 919 921 921
1 3 6 21 56 156 261 287 156 47 15 4 0 0 1 2 5 10 30 80 228 474 742 887 934 949 953 953
1 2 11 22 69 159 279 277 140 36 9 0 0 0 1 2 4 15 34 97 237 491 747 878 913 922 922 922
1 5 8 24 70 159 273 253 113 44 11 4 0 0 1 2 7 15 39 105 260 525 770 880 922 933 937 937
1 3 6 19 58 146 256 262 133 46 16 4 1 1 1 2 5 11 30 87 225 473 729 860 905 921 925 926
1 4 11 32 82 183 303 268 136 47 12 4 1 1 1 2 6 16 42 113 274 537 766 891 934 944 948 948
1 2 9 26 71 180 292 271 108 33 10 2 0 0 1 2 4 13 39 107 279 561 815 911 939 948 950 950
1 3 9 24 61 155 270 256 117 25 11 2 0 0 1 2 5 14 38 99 251 520 772 888 912 923 925 925
1 3 9 26 68 171 272 230 105 31 13 2 0 0 1 2 5 14 40 108 276 545 775 880 911 924 926 926
1 3 10 33 74 153 241 239 127 38 14 2 1 0 1 2 5 15 48 121 269 500 733 859 894 908 910 911
1 5 14 28 68 170 283 264 131 36 5 1 0 0 1 2 6 20 45 109 267 533 779 900 934 939 940 940
1 3 13 30 61 143 260 257 122 37 6 3 1 0 1 2 4 17 46 106 247 502 752 871 908 914 917 918
1 3 9 26 57 139 251 259 143 43 12 2 0 0 1 2 4 13 39 95 232 477 726 868 910 922 924 924
1 4 7 26 70 173 286 278 136 49 6 4 0 0 1 2 6 11 34 101 261 526 777 888 935 941 945 945
1 4 10 28 65 165 285 250 110 30 7 3 0 0 1 2 6 16 43 108 273 553 798 906 933 939 942 942
1 4 11 35 83 170 247 233 131 44 7 2 1 1 1 2 6 17 50 130 293 525 743 867 910 917 919 920
1 1 8 25 70 160 287 274 122 38 11 2 0 0 1 2 3 10 34 101 252 525 781 899 934 945 947 947
1 3 9 20 56 143 272 263 133 38 8 3 2 0 1 2 5 14 33 86 227 492 747 876 914 922 925 927
1 4 13 34 88 158 253 249 109 44 9 4 0 0 1 2 6 19 53 135 284 527 768 869 913 922 926 926
1 4 11 25 62 139 254 274 146 57 19 6 0 0 1 2 6 17 40 102 232 468 726 861 916 932 938 938
1 4 11 31 78 161 261 241 108 31 7 1 0 0 1 2 6 16 46 122 282 539 776 883 913 920 921 921
1 4 13 30 80 155 255 252 129 36 8 2 0 0 1 2 6 19 45 118 265 505 741 861 897 905 907 907
1 3 7 25 65 143 253 239 133 41 11 2 0 0 1 2 5 12 37 100 243 493 728 861 902 913 915 915
1 3 9 26 76 147 235 234 142 52 11 2 0 0 1 2 5 14 39 114 259 493 722 864 916 927 929 929
1 4 10 21 62 144 266 286 132 33 6 0 0 0 1 2 6 16 37 97 236 499 780 911 944 950 950 950
1 3 10 22 58 140 252 284 158 44 17 4 0 0 1 2 4 14 36 89 219 460 730 878 921 936 940 940
1 4 8 30 68 150 248 250 118 34 6 0 0 0 1 2 6 14 43 111 257 503 747 863 897 903 903 903
1 3 9 28 72 153 252 270 132 33 11 1 0 0 1 2 5 14 42 110 260 499 759 886 919 930 931 931
1 3 8 20 61 149 293 280 119 32 12 3 1 0 1 2 5 13 33 91 236 519 792 910 940 952 955 956
1 3 8 28 67 144 258 274 144 26 3 1 1 0 1 2 5 13 39 105 246 494 758 899 925 928 929 930
1 4 10 24 68 163 262 246 118 34 15 4 1 0 1 2 6 16 39 105 266 520 757 872 905 920 924 925
1 3 8 20 72 176 268 286 159 40 7 2 1 0 1 2 5 13 30 94 261 503 759 903 943 949 951 952
1 2 9 21 52 138 260 258 142 43 8 1 1 0 1 2 4 13 33 83 221 480 735 874 917 925 926 927
1 4 12 28 66 153 267 260 101 36 12 2 0 0 1 2 6 17 45 110 262 521 778 877 913 925 927 927
1 4 9 27 75 171 292 262 123 37 8 3 0 0 1 2 6 15 38 102 260 536 774 885 918 926 929 929
1 2 6 22 55 142 261 281 144 45 13 3 0 0 1 2 4 9 30 83 220 474 747 887 929 941 944 944
1 2 6 24 68 170 278 272 108 23 6 0 0 0 1 2 4 9 33 100 268 536 801 906 927 933 933 933
1 2 11 25 63 133 265 285 128 32 3 0 0 0 1 2 4 15 40 102 232 496 778 904 936 939 939 939
1 4 10 24 60 147 249 262 133 32 12 1 0 0 1 2 6 16 40 99 245 491 751 883 915 927 928 928
1 3 11 22 65 168 306 274 127 35 4 1 1 1 1 2 5 16 37 97 258 545 801 922 955 958 958 959
1 3 12 33 85 173 283 240 124 41 13 4 0 0 1 2 4 16 45 124 277 543 766 884 923 933 937 937
1 2 10 31 73 157 251 252 110 41 8 2 0 0 1 2 4 14 45 118 274 524 772 882 922 930 932 932
1 2 8 22 66 142 278 280 125 21 5 0 0 0 1 2 4 12 32 98 232 504 778 903 924 929 929 929
1 3 8 28 78 154 245 242 135 42 7 5 0 0 1 2 5 13 38 114 261 496 725 853 892 899 904 904
1 2 6 21 63 150 252 247 129 43 22 6 0 0 1 2 4 10 31 92 238 486 730 859 899 921 927 927
1 3 11 31 74 150 261 282 145 55 15 2 0 0 1 2 5 15 43 112 246 475 727 865 916 931 933 933
1 2 10 22 61 144 238 258 152 54 17 3 1 0 1 2 4 14 36 95 234 463 715 861 914 930 933 934
1 3 12 26 75 136 240 251 134 37 7 4 0 0 1 2 5 17 43 116 249 482 728 862 898 905 909 909
1 3 13 32 70 142 275 242 110 40 11 2 1 0 1 2 5 18 49 119 259 532 772 877 913 924 925 926
1 3 9 24 74 140 230 240 136 50 15 2 0 0 1 2 5 14 38 111 249 478 717 853 903 918 920 920
1 2 7 24 66 141 255 273 128 41 9 1 0 0 1 2 3 10 34 97 236 484 750 875 915 924 925 925
1 2 5 23 70 159 254 279 157 56 19 6 3 0 1 2 4 8 31 95 243 478 730 871 922 938 943 946
1 3 8 22 66 168 287 282 117 32 8 3 0 0 1 2 5 13 35 98 257 537 807 919 948 956 959 959
1 4 6 24 57 139 286 282 123 41 17 4 0 0 1 2 6 11 34 90 225 495 765 879 915 932 936 936
1 3 12 28 78 155 255 249 142 35 10 2 0 0 1 2 5 17 41 114 259 503 739 880 913 923 925 925
1 3 7 23 66 145 267 269 125 35 11 0 0 0 1 2 5 12 35 100 242 507 774 898 933 944 944 944
1 3 7 23 73 151 249 245 134 36 12 3 1 0 1 2 5 12 35 108 255 504 746 879 915 927 930 931
1 2 10 25 66 161 271 275 118 36 14 2 1 1 1 2 4 12 37 100 255 512 783 896 928 940 942 942
1 2 8 24 68 156 284 257 128 41 9 0 0 0 1 2 4 12 36 103 258 535 779 903 943 952 952 952
1 2 9 19 73 180 284 252 106 37 6 0 0 0 1 2 4 13 31 102 275 554 803 904 939 945 945 945
1 3 10 25 62 163 299 254 106 28 7 1 0 0 1 2 5 15 40 100 258 553 803 907 935 942 943 943
1 3 7 22 60 143 276 288 138 32 10 1 1 0 1 2 5 12 33 92 234 503 780 917 947 957 957 958
1 4 6 25 68 161 257 242 132 37 5 0 0 0 1 2 6 12 37 103 264 518 757 888 925 930 930 930
1 4 12 24 60 156 295 260 119 41 6 1 0 0 1 2 6 18 42 100 252 541 796 909 950 956 957 957
1 2 13 29 72 154 249 230 141 38 6 1 0 0 1 2 4 17 44 116 269 517 747 887 925 931 932 932
1 3 13 36 85 176 263 238 123 45 9 5 1 0 1 2 4 16 51 131 298 543 755 869 911 918 923 924
1 3 9 22 68 149 271 242 110 40 11 1 0 0 1 2 5 14 36 102 251 520 762 872 912 923 924 924
1 5 6 21 71 152 281 277 125 36 10 1 0 0 1 2 6 11 31 98 238 502 768 882 916 926 927 927
1 3 9 29 83 183 285 248 114 30 11 1 0 0 1 2 5 14 42 122 295 566 793 899 927 938 939 939
1 4 11 25 61 149 239 241 139 48 12 2 0 0 1 2 6 17 41 101 250 487 724 863 910 922 924 924
1 3 10 23 61 138 247 267 142 36 11 1 1 0 1 2 5 15 37 96 228 469 732 871 905 916 917 918
1 3 12 33 82 175 291 255 128 48 13 3 1 2 1 2 4 16 47 124 281 543 769 877 920 933 936 937
1 2 8 23 67 155 282 259 137 35 8 3 0 0 1 2 4 12 35 100 252 522 770 905 940 948 951 951
1 3 11 29 78 168 267 244 113 41 20 8 2 1 1 2 4 15 42 113 272 517 745 850 887 907 915 916
1 2 6 20 60 150 276 274 128 35 7 4 1 0 1 2 4 9 28 88 232 500 765 891 923 930 934 935
1 2 10 30 65 160 253 263 121 42 19 5 0 0 1 2 4 14 44 108 258 499 749 865 903 922 927 927
1 3 7 22 53 142 265 260 128 36 10 1 0 0 1 2 5 12 34 87 228 489 747 875 910 920 921 921
1 2 6 18 57 142 278 274 141 36 6 2 0 0 1 2 4 10 27 82 222 495 758 894 928 934 936 936
1 2 9 22 68 170 295 277 134 46 10 5 3 2 1 2 4 13 34 97 253 519 773 896 939 946 949 952
1 3 8 29 72 158 268 245 127 37 11 4 1 0 1 2 5 13 41 112 260 519 758 883 917 928 932 933
1 3 10 26 61 157 278 264 112 33 11 4 0 0 1 2 5 15 41 101 254 531 793 901 933 944 948 948
1 3 7 20 72 169 277 262 144 38 5 1 0 0 1 2 5 12 31 98 261 525 765 904 941 946 947 947
1 3 8 25 58 151 281 304 145 27 6 3 2 1 1 2 5 12 36 92 235 499 778 914 938 942 945 947
1 4 10 27 74 152 273 283 175 49 13 4 1 0 1 2 5 14 38 105 240 485 733 896 940 951 954 955
1 4 10 29 70 150 247 266 129 35 7 2 1 0 1 2 6 16 45 114 260 502 757 880 915 922 923 924
1 2 7 24 65 183 278 260 130 33 13 1 0 0 1 2 3 10 33 95 271 535 777 901 932 944 945 945
1 3 11 23 63 137 253 241 125 47 12 4 0 0 1 2 5 16 39 102 239 489 729 854 901 912 916 916
1 4 10 24 61 143 258 255 142 41 11 3 1 0 1 2 6 16 39 99 234 478 726 865 905 916 919 920
1 3 9 21 66 162 292 284 117 38 8 1 0 0 1 2 5 13 32 94 247 524 794 903 939 947 948 948
1 3 8 24 65 182 291 298 150 50 11 2 0 0 1 2 5 10 31 88 254 515 770 904 950 960 962 962
1 3 11 25 71 146 259 274 141 46 14 3 1 0 1 2 5 16 41 109 245 486 743 876 918 931 934 935
1 3 7 30 79 183 266 254 128 33 12 4 1 0 1 2 5 11 40 114 286 536 778 902 933 944 948 949
1 3 9 25 64 145 256 277 156 39 9 1 0 0 1 2 5 14 37 98 235 477 734 880 917 925 926 926
1 2 10 27 71 139 246 262 143 52 16 5 2 1 1 2 4 12 38 105 233 464 707 845 896 911 916 918
1 3 7 25 54 138 258 285 142 39 7 1 0 0 1 2 5 12 37 90 228 482 762 902 941 948 949 949
1 3 12 42 88 178 268 260 134 42 16 4 1 3 1 2 5 16 57 132 289 517 750 871 909 922 926 927
1 3 7 21 55 150 248 264 126 34 12 4 1 0 1 2 5 12 33 86 234 476 736 862 896 908 912 913
1 3 7 24 69 147 257 250 123 42 10 1 0 0 1 2 5 12 35 103 248 503 750 867 908 918 919 919
1 2 8 28 62 152 238 258 122 43 6 0 0 0 1 2 4 12 40 102 252 490 746 868 911 917 917 917
1 3 10 34 67 148 282 240 106 38 8 4 1 0 1 2 5 15 49 115 261 540 778 882 920 928 932 933
1 2 9 32 84 182 291 269 153 50 18 4 1 0 1 2 4 13 40 111 262 511 745 882 924 941 944 945
1 3 9 25 61 146 241 268 137 36 6 1 2 0 1 2 5 14 39 100 245 482 747 881 917 923 924 926
1 5 13 27 64 143 250 264 133 34 6 1 0 0 1 2 6 19 45 107 247 489 749 882 915 921 922 922
1 3 10 25 70 152 286 244 108 37 9 1 0 0 1 2 5 15 40 107 258 540 780 885 922 931 932 932
1 2 8 27 70 164 271 245 108 32 3 3 0 0 1 2 4 12 39 108 270 540 785 893 925 928 931 931
1 4 9 28 76 193 308 277 145 44 16 3 1 0 1 2 5 13 38 107 278 551 779 904 940 954 956 957
1 3 12 30 68 143 241 243 128 34 7 1 1 0 1 2 5 17 47 113 250 491 733 860 894 900 901 902
1 3 10 25 70 159 271 244 113 30 8 2 1 0 1 2 5 15 40 110 265 534 774 885 915 923 925 926
1 4 12 34 86 142 248 258 126 28 3 0 0 0 1 2 6 18 52 138 278 522 775 901 929 932 932 932
1 3 10 29 72 163 251 228 143 43 9 2 0 0 1 2 5 15 44 115 268 515 733 871 912 920 922 922
1 2 10 23 68 161 291 275 111 29 6 0 0 0 1 2 4 14 36 102 256 534 796 906 934 940 940 940
1 2 7 23 68 168 299 270 125 37 17 5 2 0 1 2 4 11 32 94 249 527 782 900 930 947 952 954
1 4 12 31 79 172 285 276 116 33 5 2 0 0 1 2 6 18 49 122 282 548 809 912 941 946 948 948
1 4 13 38 77 159 270 263 152 60 20 4 1 1 1 2 5 16 51 120 262 500 726 860 914 933 936 937
1 2 7 23 70 141 272 283 120 28 9 2 1 1 1 2 4 11 34 104 243 509 790 908 935 944 946 947
1 2 7 19 59 146 266 250 140 45 5 2 0 0 1 2 4 11 30 86 230 491 737 873 917 921 923 923
1 2 7 21 58 152 279 265 134 37 15 1 0 0 1 2 4 11 32 85 230 498 750 879 912 926 927 927
1 4 12 28 68 162 270 248 110 21 3 2 0 0 1 2 6 18 46 113 273 542 786 895 916 919 921 921
1 3 7 25 60 138 251 289 147 30 8 1 0 0 1 2 5 12 37 97 233 483 768 914 944 952 953 953
1 3 7 21 53 142 267 265 119 46 14 1 1 0 1 2 5 12 32 85 222 487 748 866 912 926 927 928
1 5 8 22 61 151 257 281 147 39 9 2 0 0 1 2 7 15 36 97 243 481 750 890 928 937 939 939
1 4 11 29 73 161 280 267 111 31 4 0 0 0 1 2 6 16 42 113 271 540 797 906 937 941 941 941
1 2 9 23 67 170 273 255 108 27 6 1 0 0 1 2 4 13 36 102 271 543 796 903 929 935 936 936
1 3 7 16 60 161 283 274 127 44 13 2 1 0 1 2 5 12 27 83 240 512 777 897 940 952 953 954
1 4 10 26 56 142 257 281 134 37 8 1 1 0 1 2 6 15 40 94 233 484 757 887 924 932 933 934
1 4 8 27 65 147 248 244 134 44 8 0 0 0 1 2 6 14 39 103 248 490 722 854 898 906 906 906
1 4 10 27 73 155 274 277 127 33 7 1 0 0 1 2 6 16 41 111 259 517 780 903 934 941 942 942
1 3 12 25 74 179 266 243 128 26 4 1 0 0 1 2 5 17 40 112 290 547 785 911 937 940 941 941
1 2 7 24 63 165 272 246 124 41 6 0 0 0 1 2 4 11 35 98 260 525 770 892 933 939 939 939
1 4 11 29 71 165 294 240 121 28 8 0 0 0 1 2 5 16 44 114 269 552 780 894 922 930 930 930
1 3 8 21 70 170 271 247 113 33 8 2 0 0 1 2 5 13 34 102 267 533 776 888 920 928 930 930
1 4 9 25 76 159 263 251 107 30 4 1 0 0 1 2 6 14 39 114 273 534 779 886 916 920 921 921
1 3 8 26 75 164 270 263 106 28 2 0 0 0 1 2 5 13 39 112 274 544 802 908 936 938 938 938
1 3 7 24 62 150 278 256 112 33 9 7 2 0 1 2 5 12 36 97 245 518 769 879 911 920 927 929
1 3 11 25 71 167 292 262 110 32 2 0 0 0 1 2 5 16 40 106 271 551 807 917 949 951 951 951
1 3 9 24 67 163 260 245 123 35 8 3 0 0 1 2 5 14 38 105 265 522 765 888 923 931 934 934
1 3 4 18 63 144 265 248 136 36 13 2 0 0 1 2 5 9 27 89 230 490 736 871 906 918 920 920
1 3 6 22 66 148 281 268 115 22 13 3 1 0 1 2 5 11 33 98 243 517 784 899 920 933 936 937
1 3 13 27 73 156 272 242 128 48 11 3 0 0 1 2 5 18 44 111 261 523 752 873 918 928 931 931
1 4 9 21 62 154 260 254 128 48 13 3 1 0 1 2 6 15 36 95 246 498 742 866 913 925 928 929
1 3 9 25 61 143 233 263 154 43 11 2 0 0 1 2 5 14 37 96 238 468 722 872 914 925 927 927
1 3 12 39 83 199 297 255 129 36 12 2 0 0 1 2 5 16 52 124 301 564 781 895 926 936 938 938
1 2 9 30 82 167 255 234 110 31 7 1 1 1 1 2 4 13 43 125 292 545 775 883 914 921 922 923
1 2 5 20 61 156 268 277 125 22 4 0 0 0 1 2 4 9 29 89 244 510 787 910 932 936 936 936
1 4 12 28 72 155 268 262 122 29 5 2 0 0 1 2 6 17 44 109 255 509 762 881 909 913 915 915
1 4 9 25 70 167 259 237 123 35 7 0 0 0 1 2 6 15 40 106 264 513 744 866 901 908 908 908
1 3 9 19 56 162 283 236 113 30 7 1 1 0 1 2 5 14 33 88 248 529 761 873 902 909 910 911
1 4 9 25 62 144 260 287 133 30 3 1 0 0 1 2 6 15 40 102 243 500 787 918 947 950 951 951
1 3 9 23 65 158 282 272 115 23 5 0 0 0 1 2 5 14 37 100 255 534 804 917 940 945 945 945
1 4 7 22 55 134 252 282 141 32 9 0 0 0 1 2 6 13 35 87 219 470 750 891 923 932 932 932
1 2 6 18 68 149 254 259 127 30 5 1 1 0 1 2 4 10 28 96 241 492 746 873 903 908 909 910
1 4 10 29 64 153 257 251 149 57 14 0 0 0 1 2 6 15 42 100 245 483 714 856 909 923 923 923
1 3 8 23 65 144 250 260 127 50 12 1 0 0 1 2 5 13 36 100 242 489 747 871 921 933 934 934
1 2 10 25 69 149 239 275 115 35 12 3 1 0 1 2 4 14 39 108 257 495 767 882 917 929 932 933
1 2 9 29 67 157 247 238 122 38 12 2 1 2 1 2 4 13 42 109 263 508 743 863 900 912 914 915
1 4 10 26 73 158 277 238 157 63 17 5 0 0 1 2 6 16 39 105 248 505 711 849 907 921 926 926
1 4 11 29 73 195 310 272 127 42 7 0 0 0 1 2 6 16 42 100 266 542 778 891 930 937 937 937
1 3 11 23 69 137 238 267 151 57 14 3 0 0 1 2 5 16 38 103 235 458 719 858 914 928 931 931
1 5 9 29 73 165 284 257 126 30 7 2 2 1 1 2 7 16 44 110 267 532 777 894 923 929 931 932
1 4 14 31 70 167 290 260 123 39 6 2 0 0 1 2 6 17 44 108 270 542 786 901 938 942 944 944
1 4 11 18 53 137 267 274 139 36 4 0 0 0 1 2 6 17 35 88 222 485 755 892 928 932 932 932
1 4 9 32 79 151 256 251 118 39 17 3 1 0 1 2 6 14 44 120 258 498 737 849 884 900 903 904
1 2 9 24 64 151 282 270 120 36 8 1 0 0 1 2 4 13 37 99 246 520 785 899 932 939 940 940
1 4 12 41 80 179 259 253 122 41 13 3 2 2 1 2 6 16 53 124 289 526 758 877 915 926 929 931
1 3 12 28 78 164 269 266 129 44 14 4 0 0 1 2 5 16 43 115 269 515 764 877 916 928 932 932
1 3 9 31 77 168 266 237 101 32 13 2 0 0 1 2 5 13 44 121 288 552 786 886 916 929 931 931
1 4 10 35 75 173 276 268 115 38 13 1 0 0 1 2 5 15 48 113 278 531 783 891 925 937 938 938
1 4 9 31 71 162 253 244 125 32 4 0 0 0 1 2 6 15 45 114 274 523 764 888 920 924 924 924
1 3 7 25 67 168 283 264 110 29 4 0 0 0 1 2 5 12 37 103 270 552 810 919 948 952 952 952
1 3 6 21 65 162 287 265 129 29 3 2 0 0 1 2 5 11 31 95 252 535 792 918 947 949 951 951
1 2 7 25 66 140 272 272 112 45 14 2 0 0 1 2 4 11 35 97 235 495 763 874 918 932 934 934
1 3 8 24 62 143 266 261 127 39 10 0 0 0 1 2 5 13 37 98 241 505 764 890 928 938 938 938
1 3 10 26 79 160 282 253 122 30 4 1 0 0 1 2 5 15 41 115 270 540 779 896 925 929 930 930
1 3 12 33 68 168 287 275 132 38 10 1 0 0 1 2 5 16 48 110 265 537 785 909 945 955 956 956
1 3 8 24 78 174 276 268 121 29 9 5 3 1 1 2 4 12 34 102 263 519 764 876 904 911 913 916
1 3 9 23 69 172 277 245 109 28 5 0 0 0 1 2 5 14 37 106 277 552 794 900 928 933 933 933
1 3 8 24 63 156 229 243 147 56 17 1 0 0 1 2 5 13 37 99 251 475 710 852 906 922 923 923
1 2 8 25 68 151 260 259 134 40 13 1 0 0 1 2 3 10 34 98 245 500 750 881 921 934 935 935
1 5 12 33 79 164 250 247 139 48 14 2 0 0 1 2 6 18 51 127 280 512 743 870 916 930 932 932
1 3 10 22 53 138 271 287 149 34 7 1 0 0 1 2 5 14 35 86 222 489 770 916 948 955 956 956
1 2 7 23 64 158 276 266 121 30 3 0 0 0 1 2 4 11 34 96 254 525 790 911 941 944 944 944
1 3 8 18 54 152 282 290 125 26 6 1 0 0 1 2 5 13 30 81 231 504 783 903 929 935 936 936
1 3 11 38 79 179 261 251 120 39 10 1 0 0 1 2 5 15 50 118 282 521 749 861 900 910 911 911
1 3 9 26 73 143 255 279 140 53 11 3 0 0 1 2 5 14 38 108 238 477 738 864 915 925 928 928
1 3 7 21 67 168 295 278 146 42 8 2 1 0 1 2 5 10 29 90 241 516 768 901 937 943 945 946
1 3 10 30 65 156 295 269 109 28 6 1 1 0 1 2 5 15 45 107 257 545 802 906 932 938 939 940
1 4 8 28 72 164 255 233 114 37 8 1 0 0 1 2 6 14 42 114 276 528 759 872 908 916 917 917
1 4 9 26 69 167 291 254 109 25 6 2 4 2 1 2 6 14 40 108 269 547 788 891 914 919 921 924
1 3 11 28 76 176 286 285 156 46 11 2 1 0 1 2 5 14 40 102 260 497 741 882 922 932 934 935
1 4 10 19 57 146 272 254 134 41 11 6 1 0 1 2 5 14 33 90 230 494 738 867 906 917 923 924
1 3 8 23 71 174 252 244 109 28 10 0 0 0 1 2 5 13 36 104 276 524 761 870 897 907 907 907
1 3 9 30 66 153 243 252 130 41 18 7 0 0 1 2 5 14 44 110 258 496 740 866 906 923 930 930
1 3 9 27 81 184 287 263 118 37 13 1 0 0 1 2 4 11 36 109 280 539 776 879 913 925 926 926
1 4 11 30 74 156 242 255 145 57 13 4 1 0 1 2 6 17 46 114 259 485 727 864 917 928 932 933
1 3 9 21 67 157 277 281 136 29 4 0 0 0 1 2 5 14 35 99 244 507 776 908 935 939 939 939
1 2 10 30 68 158 258 231 132 45 7 0 0 0 1 2 4 14 44 109 266 520 742 870 914 921 921 921
1 3 8 22 59 138 260 271 136 33 8 0 0 0 1 2 5 13 35 94 231 488 754 888 921 929 929 929
1 4 10 25 75 164 265 259 117 24 4 1 1 0 1 2 6 16 41 115 278 540 792 909 933 937 938 939
1 3 8 21 57 140 252 281 141 36 8 1 0 0 1 2 5 13 34 90 228 478 755 895 931 939 940 940
1 3 10 26 67 181 314 279 132 41 11 3 2 1 1 2 5 12 36 92 251 518 772 891 927 938 941 943
1 3 10 25 61 157 260 292 155 63 14 7 0 0 1 2 5 14 38 90 230 462 722 861 919 929 936 936
1 3 12 25 62 148 252 251 119 34 8 2 1 0 1 2 5 17 40 102 249 499 748 866 900 907 909 910
1 4 10 27 62 131 268 262 142 49 15 2 1 0 1 2 6 15 42 102 226 487 740 875 921 935 936 937
1 3 12 32 77 171 258 260 127 47 13 6 3 0 1 2 4 15 43 114 271 506 750 865 911 922 928 931
1 3 11 27 74 148 236 250 135 56 12 1 0 0 1 2 4 15 42 114 262 490 733 864 917 929 930 930
1 4 10 25 63 151 278 294 141 47 10 3 0 0 1 2 6 16 39 99 232 486 760 894 940 950 953 953
1 3 9 23 60 158 274 234 112 43 5 1 1 0 1 2 5 14 37 96 253 526 755 864 907 912 913 914
1 4 5 22 62 150 248 272 124 30 12 4 0 0 1 2 6 11 33 95 244 490 757 879 909 921 925 925
1 3 9 28 72 156 289 278 138 54 14 3 0 0 1 2 4 10 38 103 239 500 755 879 926 940 943 943
1 3 10 25 76 161 238 267 141 33 9 1 0 0 1 2 3 12 36 109 260 484 744 880 911 920 921 921
1 3 7 24 56 147 248 266 136 39 7 1 0 0 1 2 5 12 36 91 234 476 735 868 905 912 913 913
1 2 8 18 60 155 285 277 132 33 5 1 0 0 1 2 4 12 30 90 238 513 780 907 938 943 944 944
1 3 9 23 68 147 275 282 107 27 4 0 0 0 1 2 5 14 36 104 250 522 802 909 936 940 940 940
1 2 9 28 82 181 272 260 121 37 16 1 0 0 1 2 4 13 40 114 285 537 778 887 921 936 937 937
1 3 8 18 52 140 280 289 132 31 7 0 0 0 1 2 5 13 31 83 220 492 774 905 936 943 943 943
1 3 10 21 67 138 262 256 140 53 9 3 1 1 1 2 5 15 34 100 232 485 730 866 918 927 929 930
1 2 8 26 63 157 286 249 113 35 8 2 0 0 1 2 4 12 38 99 253 538 785 896 931 938 940 940
1 3 6 26 76 157 265 282 140 44 7 1 0 0 1 2 4 9 34 103 242 489 750 879 923 929 930 930
1 4 12 33 88 173 301 281 131 36 8 1 1 1 1 2 5 15 44 125 280 544 792 911 945 952 953 954
1 4 9 31 88 186 270 243 116 29 10 4 3 0 1 2 6 15 42 122 297 545 765 876 902 912 915 918
1 2 10 30 68 145 247 247 119 41 11 1 0 0 1 2 4 13 43 111 255 498 744 862 903 914 915 915
1 4 11 25 64 158 284 264 107 38 5 0 0 0 1 2 6 16 41 103 255 534 793 894 931 936 936 936
1 3 10 29 67 136 249 279 126 31 9 3 1 0 1 2 5 15 44 109 241 485 761 884 915 924 927 928
1 3 9 26 73 168 292 279 138 30 5 2 0 0 1 2 3 10 34 95 253 522 774 904 932 937 939 939
1 3 6 20 59 148 296 268 113 41 11 5 3 0 1 2 5 11 30 87 225 506 764 869 909 919 924 927
1 3 10 30 71 153 267 284 140 46 7 5 2 1 1 2 4 14 44 111 249 497 762 885 928 932 937 939
1 2 6 19 54 148 262 284 148 47 7 1 0 0 1 2 4 9 28 80 225 481 753 894 940 947 948 948
1 3 11 26 73 170 282 265 122 28 7 1 0 0 1 2 4 14 38 108 270 538 791 907 933 940 941 941
1 3 7 22 69 160 278 264 113 22 1 0 0 0 1 2 5 12 34 102 260 534 798 911 933 934 934 934
1 4 8 23 60 141 266 280 137 42 15 3 2 0 1 2 6 14 37 95 227 486 744 877 913 928 930 932
1 4 10 22 76 148 228 247 126 36 11 3 1 0 1 2 6 16 38 114 262 489 734 859 894 905 908 909
1 4 13 32 73 162 268 248 107 36 6 2 0 0 1 2 6 18 50 123 281 545 790 894 929 934 936 936
1 5 13 25 70 160 261 258 132 38 11 3 0 0 1 2 6 19 40 104 253 501 745 872 908 918 921 921
1 4 9 26 62 149 261 234 146 54 10 0 0 0 1 2 6 15 40 101 245 502 728 870 922 932 932 932
1 2 10 26 59 146 261 276 111 34 6 3 0 0 1 2 4 13 39 98 244 504 779 889 923 928 931 931
1 4 8 25 63 144 254 263 128 34 6 1 0 0 1 2 6 14 39 102 246 500 762 890 924 930 931 931
1 4 13 28 76 174 264 253 110 31 7 1 1 0 1 2 5 18 44 118 285 540 782 884 912 919 919 920
1 3 9 23 60 146 274 265 117 19 6 1 0 0 1 2 5 14 37 97 242 515 778 894 913 919 920 920
1 3 7 28 77 142 257 272 132 32 8 1 0 0 1 2 5 12 39 116 255 507 777 908 938 946 947 947
1 4 17 30 75 159 253 247 151 39 9 1 0 0 1 2 6 22 50 122 274 510 739 887 923 932 933 933
1 3 9 21 57 136 262 274 140 48 8 2 0 0 1 2 5 14 35 92 227 488 759 898 945 953 955 955
1 4 10 26 65 159 286 277 105 31 9 2 1 1 1 2 5 15 39 97 252 528 802 905 934 943 945 946
1 2 11 28 70 142 244 264 158 47 9 2 0 0 1 2 4 14 40 105 242 481 737 894 939 948 950 950
1 4 11 29 66 146 274 281 134 25 5 1 0 0 1 2 6 16 45 111 254 523 799 929 954 959 960 960
1 4 8 26 72 161 278 276 171 49 21 8 3 1 1 2 6 12 35 96 234 481 721 871 910 928 935 937
1 3 9 20 59 141 261 256 148 28 5 1 0 0 1 2 5 14 34 92 231 489 743 889 917 922 923 923
1 4 8 21 65 163 263 249 128 45 9 0 0 0 1 2 6 14 35 97 256 509 749 868 912 921 921 921
1 4 12 26 71 173 279 246 118 26 1 0 0 0 1 2 6 18 44 115 277 545 780 893 919 920 920 920
1 2 10 27 69 173 281 281 133 27 3 1 1 0 1 2 4 14 40 104 266 530 791 920 947 950 951 952
1 5 6 26 68 157 258 274 149 41 11 1 0 0 1 2 7 13 38 102 251 493 750 891 929 940 941 941
1 4 9 28 74 174 278 248 101 33 6 2 0 0 1 2 5 14 42 116 286 562 805 904 937 943 945 945
1 4 9 26 68 164 273 292 120 28 7 4 1 0 1 2 6 15 40 107 266 519 800 914 940 946 949 950
1 5 9 27 82 166 264 254 129 26 7 0 0 0 1 2 7 16 42 123 284 541 789 917 940 947 947 947
1 2 9 25 55 129 264 267 138 42 7 0 0 0 1 2 4 13 38 91 219 477 739 875 916 923 923 923
1 4 6 22 58 137 262 259 141 38 8 1 0 0 1 2 6 12 34 91 227 482 734 873 911 919 920 920
1 3 12 29 82 168 286 229 111 35 8 2 1 0 1 2 5 17 46 125 287 563 784 889 922 929 931 932
1 3 6 16 60 143 257 272 139 51 7 1 0 0 1 2 5 11 27 86 225 474 740 876 927 934 935 935
1 3 9 26 67 163 262 239 118 27 7 2 1 0 1 2 5 14 40 107 268 529 766 882 909 916 918 919
1 2 7 27 66 158 278 264 122 25 5 0 0 0 1 2 4 11 38 103 259 534 791 911 935 940 940 940
1 4 9 24 53 132 261 271 137 48 12 2 0 0 1 2 6 14 37 89 219 478 740 872 919 931 933 933
1 4 8 22 56 149 279 288 132 28 3 2 0 0 1 2 6 14 35 90 236 507 788 919 947 950 952 952
1 4 13 30 74 166 251 229 123 42 8 2 0 0 1 2 5 18 47 120 281 525 747 865 905 912 914 914
1 3 8 22 72 176 284 231 106 30 6 2 1 0 1 2 5 13 34 106 280 563 792 897 927 933 935 936
1 3 6 22 55 134 269 287 126 33 12 1 0 0 1 2 5 11 32 87 219 486 771 896 929 941 942 942
1 3 10 33 83 166 264 269 137 48 13 5 3 1 1 2 5 15 44 122 275 515 748 872 916 927 931 933
1 3 8 24 76 178 295 279 124 40 12 3 0 0 1 2 5 13 31 100 257 524 779 889 925 937 940 940
1 4 13 33 74 160 234 242 121 43 9 4 1 0 1 2 6 19 52 125 280 510 751 867 909 918 922 923
1 3 9 24 59 142 257 272 152 51 14 4 3 0 1 2 4 13 34 88 222 467 719 864 910 923 925 928
1 2 10 21 67 155 278 290 113 35 11 0 0 0 1 2 4 14 31 94 241 505 781 887 919 930 930 930
1 3 11 26 63 167 289 269 132 40 12 2 0 0 1 2 5 14 38 99 254 518 767 895 932 943 945 945
1 3 7 26 62 147 285 277 129 39 9 0 0 0 1 2 5 12 38 97 238 509 770 889 924 933 933 933
1 3 9 32 87 199 292 263 123 37 12 5 1 0 1 2 5 13 42 114 290 556 798 911 941 949 954 955
1 3 9 20 64 160 246 245 144 48 17 3 1 2 1 2 5 14 32 93 249 485 720 862 908 924 927 928
1 2 10 23 68 153 309 284 138 39 12 5 1 0 1 2 4 14 36 97 230 520 777 899 933 943 948 949
1 4 8 37 79 166 265 291 141 53 16 6 0 0 1 2 6 12 46 116 268 503 756 885 933 946 952 952
1 3 11 20 69 156 274 256 127 26 1 0 0 0 1 2 5 16 36 103 255 519 769 895 921 922 922 922
1 4 12 34 88 181 271 241 126 37 8 0 0 0 1 2 6 15 47 132 299 551 772 888 922 930 930 930
1 3 8 24 67 151 271 253 123 26 7 3 0 0 1 2 5 13 37 104 254 522 773 895 921 928 931 931
1 3 8 25 64 167 287 263 122 15 4 2 0 0 1 2 5 13 38 102 267 550 810 929 944 948 950 950
1 3 9 29 70 164 274 254 104 29 7 1 0 0 1 2 5 14 43 112 275 547 800 902 930 937 938 938
1 3 10 29 75 172 254 232 132 41 6 3 0 0 1 2 5 13 41 114 283 533 754 881 922 928 931 931
1 4 14 32 82 185 272 251 125 48 8 1 0 0 1 2 6 18 47 120 281 521 747 856 902 910 911 911
1 5 12 31 84 181 294 269 127 38 5 0 0 0 1 2 6 16 42 121 283 546 781 894 929 934 934 934
1 4 11 26 75 142 249 285 153 55 11 3 0 0 1 2 5 15 41 112 238 468 733 866 917 927 930 930
1 5 7 29 70 167 261 254 113 39 9 2 1 0 1 2 7 14 43 111 272 527 776 887 925 934 936 937
1 4 11 35 75 173 278 230 110 41 13 2 0 0 1 2 6 16 49 120 280 547 768 874 912 925 927 927
1 3 11 34 84 155 245 235 119 34 9 4 0 0 1 2 5 16 50 134 288 528 759 876 910 919 923 923
1 3 11 33 75 166 293 248 104 28 8 2 2 0 1 2 5 14 45 116 276 555 799 901 928 936 938 940
1 3 9 22 61 168 272 271 130 33 4 0 0 0 1 2 5 14 36 97 264 528 785 913 945 949 949 949
1 2 6 23 56 149 273 277 123 39 4 1 0 0 1 2 4 10 33 87 223 492 761 878 916 920 921 921
1 4 11 27 74 178 266 249 105 31 3 3 0 0 1 2 6 15 40 112 282 545 785 885 915 917 920 920
1 4 11 24 64 149 267 269 107 27 11 0 0 0 1 2 6 17 41 104 251 512 777 883 910 921 921 921
1 3 8 23 66 152 289 259 108 31 7 0 0 0 1 2 5 12 35 99 249 531 783 886 916 923 923 923
1 2 8 24 60 146 271 279 121 32 2 2 0 0 1 2 4 12 36 95 237 505 784 904 936 938 940 940
1 3 11 26 74 172 300 253 106 30 8 2 0 0 1 2 4 14 39 104 268 554 795 899 927 934 936 936
1 3 7 24 69 167 300 249 115 26 6 1 0 0 1 2 5 12 33 102 265 557 799 912 938 944 945 945
1 3 8 22 63 149 268 275 113 25 6 3 0 0 1 2 5 13 34 97 246 510 781 893 918 924 927 927
1 4 11 29 68 155 261 238 128 33 7 1 0 0 1 2 6 17 46 114 266 518 753 880 912 919 920 920
1 3 11 41 99 200 292 266 127 40 12 5 2 0 1 2 5 14 49 137 311 568 800 907 938 947 950 952
1 3 10 28 71 171 283 249 110 29 3 1 0 0 1 2 5 15 43 110 274 549 789 895 924 927 928 928
1 3 9 25 65 160 286 289 113 30 8 1 0 0 1 2 5 12 35 97 244 515 790 895 924 932 933 933
1 3 9 22 67 149 271 286 152 43 17 7 3 0 1 2 5 14 35 96 230 482 743 877 916 929 934 937
1 3 13 29 65 135 247 269 157 55 13 8 1 1 1 2 5 18 46 109 233 465 717 865 918 928 936 937
1 3 7 24 64 150 241 248 137 35 6 0 0 0 1 2 5 12 35 99 249 489 734 868 903 909 909 909
1 3 10 28 75 160 273 256 110 25 4 0 0 0 1 2 5 15 43 118 275 543 796 904 929 933 933 933
1 3 13 27 65 156 256 249 133 31 3 0 0 0 1 2 5 18 43 107 262 513 753 883 914 917 917 917
1 4 9 27 74 170 277 239 115 38 8 2 0 0 1 2 6 15 42 115 281 547 781 895 933 941 943 943
1 4 11 28 73 165 284 270 108 28 10 0 0 0 1 2 5 16 43 113 269 543 802 905 933 943 943 943
1 3 8 24 73 163 275 255 119 32 7 3 0 0 1 2 5 13 37 108 268 532 779 896 927 934 937 937
1 3 9 32 78 162 268 298 171 47 11 2 1 0 1 2 5 11 39 107 245 478 730 883 924 934 936 937
1 3 12 36 79 175 286 281 144 40 19 5 2 0 1 2 3 14 47 115 266 516 761 890 925 941 946 948
1 2 9 20 57 136 254 273 135 38 9 3 0 0 1 2 4 13 33 90 225 475 742 877 914 923 926 926
1 4 13 33 86 181 278 269 141 57 22 4 0 0 1 2 6 18 48 121 272 506 739 864 913 932 936 936
1 3 8 16 54 153 265 266 120 39 8 3 0 0 1 2 5 13 29 82 233 493 756 875 914 921 924 924
1 3 11 28 73 170 283 257 111 30 5 3 2 0 1 2 5 16 42 114 277 550 791 899 927 931 934 936
1 5 7 22 72 162 271 250 152 40 12 2 1 1 1 2 7 14 34 100 249 502 737 878 916 928 930 931
1 3 9 23 60 141 254 260 143 52 16 4 3 1 1 2 5 14 37 93 232 477 719 857 908 924 927 930
1 2 5 22 67 165 270 257 120 30 1 0 0 0 1 2 4 9 30 93 253 519 772 889 919 920 920 920
1 3 11 27 78 173 287 269 126 26 8 1 0 0 1 2 4 15 39 110 268 524 776 899 922 929 930 930
1 3 9 26 76 175 295 273 124 37 8 2 0 0 1 2 5 12 36 104 259 515 764 884 918 925 927 927
1 4 10 24 69 161 256 224 128 46 9 2 1 1 1 2 6 16 40 109 268 518 735 859 904 911 913 914
1 4 10 22 62 165 261 241 132 48 10 1 0 0 1 2 6 16 36 97 256 506 745 871 917 927 928 928
1 4 9 20 57 146 249 262 143 44 11 4 1 0 1 2 6 14 33 89 232 474 731 870 913 924 928 929
1 4 13 32 68 151 244 243 129 42 12 3 0 0 1 2 5 17 47 111 257 491 726 846 886 897 900 900
1 3 11 33 70 140 255 237 144 40 10 1 0 0 1 2 5 16 48 116 254 503 731 871 911 921 922 922
1 2 7 18 71 179 301 284 142 32 7 1 0 0 1 2 4 11 28 92 253 532 783 915 945 951 952 952
1 4 8 24 65 165 279 273 113 27 4 0 0 0 1 2 6 13 37 102 264 538 810 922 948 952 952 952
1 3 8 24 74 169 311 279 125 44 10 4 0 0 1 2 5 13 35 101 248 529 781 891 930 939 943 943
1 3 10 30 78 178 271 239 108 23 2 1 0 0 1 2 5 15 44 122 298 566 803 910 933 935 936 936
1 3 10 30 76 148 231 251 128 43 18 2 1 0 1 2 5 14 43 119 263 488 736 861 904 922 924 925
1 4 8 22 64 144 262 276 136 33 10 3 2 0 1 2 6 14 36 98 238 498 764 897 930 940 943 945
1 4 9 31 78 157 250 246 131 43 11 1 0 0 1 2 6 15 45 121 269 507 748 870 912 923 924 924
1 4 9 28 72 142 245 262 149 44 13 4 2 0 1 2 5 13 39 108 245 480 732 875 918 931 934 936
1 2 4 20 55 148 266 269 145 36 9 3 2 0 1 2 4 8 27 80 222 481 743 884 917 924 927 929
1 2 8 18 60 150 244 245 132 43 19 5 0 0 1 2 4 12 30 89 237 477 720 850 892 910 915 915
1 2 6 20 62 165 278 246 117 39 8 1 1 0 1 2 4 10 29 91 254 527 769 884 923 931 932 933
1 4 14 33 71 148 240 255 138 52 13 3 1 0 1 2 6 19 52 122 261 488 728 860 909 922 925 926
1 3 12 38 90 174 267 235 112 38 8 4 5 2 1 2 5 16 54 143 304 557 780 879 915 923 926 931
1 4 12 31 75 165 245 242 116 35 10 3 0 0 1 2 6 18 47 120 284 523 760 874 909 919 922 922
1 3 13 29 73 155 257 264 121 39 10 1 1 0 1 2 5 17 46 116 267 515 769 890 929 939 940 941
1 2 8 24 70 145 254 252 133 40 14 6 0 0 1 2 4 12 36 105 244 493 742 874 913 927 933 933
1 3 10 19 54 133 268 281 144 49 13 2 0 0 1 2 5 15 33 86 216 469 739 878 925 938 940 940
1 4 10 26 60 139 249 279 141 37 10 3 1 0 1 2 6 15 41 99 238 484 759 897 933 943 946 947
1 3 11 29 66 143 229 248 124 48 10 2 1 0 1 2 5 16 45 111 254 483 729 853 899 909 911 912
1 5 10 30 71 165 252 252 116 39 9 2 2 0 1 2 7 17 47 115 279 519 763 874 910 918 920 922
1 4 8 20 63 142 239 292 140 31 5 0 0 0 1 2 6 14 34 97 237 476 768 907 938 943 943 943
1 4 10 29 69 165 263 268 154 60 21 3 2 0 1 2 4 11 36 99 245 474 712 854 905 925 928 930
1 4 11 25 73 156 260 249 129 49 17 6 2 1 1 2 6 17 41 112 260 505 734 854 902 917 923 924
1 4 12 29 77 156 249 237 117 49 11 3 0 0 1 2 5 17 44 117 268 503 730 842 889 900 903 903
1 3 11 27 60 156 280 240 115 33 14 1 0 0 1 2 5 16 42 102 257 533 772 885 917 931 932 932
1 3 8 24 62 155 259 257 125 39 6 0 0 0 1 2 5 13 37 97 245 496 748 865 904 910 910 910
1 2 6 23 72 172 289 258 109 32 10 3 0 0 1 2 4 9 31 100 266 544 792 898 928 938 941 941
